layers/veg/veg_4200.asc
NCOLS 255 
NROWS 330 
XLLCORNER -2985163.8955 
YLLCORNER -3022031.214 
CELLSIZE 25000 
NODATA_value -9999 
[rows 75 to 99 of 330, columns 168 to 223 of 255]
0.853307800091132 0.843057964011572 0.832417980204234 0.825476893550432 0.819633516441954 0.815891679562975 0.812338474668236 0.808992412012153 0.794529125183813 0.778476487082186 0.772533219596182 0.76345060259486 0.750218335785391 0.735524579719389 0.720769113889616 0.712008314123284 0.70271069212848 0.692554746953908 0.683668388918751 0.67548136960743 0.674930538160383 0.674566361718811 -9999 -9999 -9999 -9999 -9999 -9999 -9999 -9999 -9999 -9999 -9999 -9999 -9999 -9999 -9999 -9999 -9999 -9999 -9999 -9999 -9999 -9999 -9999 -9999 -9999 -9999 -9999 -9999 -9999 -9999 -9999 -9999 -9999 -9999
0.847056524993451 0.838520161069369 0.829543943353698 0.826023030161333 0.824067293002678 0.824925683782722 0.818139815515115 0.802959565253535 0.788880831681187 0.776105984504439 0.77135804010797 0.761217612991279 0.743949303242785 0.731409417227461 0.72053728732205 0.710795823360865 0.701025487026272 0.691208986755023 0.683593580203531 0.677017467270041 0.675541910573272 -9999 -9999 -9999 -9999 -9999 -9999 -9999 -9999 -9999 -9999 -9999 -9999 -9999 -9999 -9999 -9999 -9999 -9999 -9999 -9999 -9999 -9999 -9999 -9999 -9999 -9999 -9999 -9999 -9999 -9999 -9999 -9999 -9999 -9999 -9999
0.839022279840483 0.830155071555881 0.822435904743406 0.82464149481031 0.827609188126896 0.824632182009401 0.814452086062401 0.796362068802054 0.784083560013406 0.773665659386764 0.766073122671178 0.752588359706423 0.731315143941137 0.723191664812855 0.718981058790006 0.70777650079517 0.696965008045562 0.686781985939022 0.681765233484101 0.678997750594707 0.679267435036545 -9999 -9999 -9999 -9999 0.659995303718127 0.661755417807983 0.666430482804426 -9999 -9999 -9999 -9999 -9999 -9999 -9999 -9999 -9999 -9999 -9999 -9999 -9999 -9999 -9999 -9999 -9999 -9999 -9999 -9999 -9999 -9999 -9999 -9999 -9999 -9999 -9999 -9999
0.829949727735181 0.819561173855874 0.812862208647552 0.822137385810924 0.830631698927503 0.818906836727646 0.805238426640174 0.789435750394201 0.779781878209901 0.771184673334586 0.758394912384835 0.740234262569287 0.714974273275041 0.712584782178894 0.71665356897776 0.703704975463938 0.691521295861112 0.680560634429873 0.678915719473861 0.681141072088475 0.680120484725465 -9999 -9999 -9999 0.659456745079377 0.659995303718127 0.661755417807983 0.666430482804426 0.668249225608998 -9999 -9999 -9999 -9999 -9999 -9999 -9999 -9999 -9999 -9999 -9999 -9999 -9999 -9999 -9999 -9999 -9999 -9999 -9999 -9999 -9999 -9999 -9999 -9999 -9999 -9999 -9999
0.826312234172087 0.821966628655203 0.818301157698468 0.81703160260326 0.813136267133725 0.792898233324925 0.777076973712371 0.766105901613519 0.77027495260896 0.773987599488263 0.743291921510472 0.719764179389328 0.705711146441916 0.707504776874111 0.713629371519068 0.705951124558016 0.697285751873388 0.687042067328795 0.684835781079406 0.685807243002872 0.676391212128839 0.66908187018798 0.665882819729704 0.658543512998286 0.649041625607915 0.649269145824915 0.651874873204124 0.659616505244638 0.667245625483971 0.674803104635541 0.684451595264128 0.694657036878575 0.706073020985883 0.711038388491572 -9999 -9999 -9999 -9999 -9999 -9999 -9999 -9999 -9999 -9999 -9999 -9999 -9999 -9999 -9999 -9999 -9999 -9999 -9999 -9999 -9999 -9999
0.82209105765372 0.822598945675599 0.821686904958604 0.812109855329372 0.798096335793833 0.769264808594504 0.751724404222883 0.746583108458886 0.759783747173293 0.770866958641781 0.727943968731644 0.702640643728249 0.700627315185299 0.705362821285887 0.711721119809045 0.70910151569137 0.703748035720274 0.694023371228232 0.690009837435296 0.688238273466188 0.67833172538488 0.670137157345338 0.665282777253439 0.655295255590999 0.642626539348374 0.641818703959749 0.644253564988034 0.653778525058538 0.664005582971427 0.674679696683055 0.685280827212263 0.695911401131138 0.706648727186924 0.714416214624896 0.719897666311445 0.724995702613726 0.730493752362185 0.73778252247171 0.7503738910309 0.767876994815072 0.780848935047477 -9999 -9999 -9999 -9999 -9999 -9999 -9999 -9999 -9999 -9999 -9999 -9999 -9999 -9999 -9999
0.815494655266486 0.816520423795567 0.817307587727348 0.808064655461751 0.792711436581719 0.755033327682965 0.736766257677644 0.73981501100531 0.747352684759778 0.750809784251527 0.712994235140468 0.69582296175018 0.705939670907236 0.710450168457524 0.712960617428662 0.71381328813921 0.710505055561938 0.700543969299989 0.691886084464969 0.683872170485753 0.680224058624387 0.674074396058133 0.663044040194623 0.655136803959813 0.648860867253112 0.64485585075466 0.644222331529746 0.651585366443455 0.662206191641784 0.674901391592313 0.688374662009095 0.700591389379555 0.708796666471627 0.715111232493736 0.71997042209383 0.724995702613726 0.730493752362185 0.73778252247171 0.7503738910309 0.767876994815072 0.780848935047477 0.791063193564756 -9999 -9999 -9999 -9999 -9999 -9999 -9999 -9999 -9999 -9999 -9999 -9999 -9999 -9999
0.804549404280899 0.805320149492424 0.806559067281697 0.797050235680799 0.782340358972582 0.750851949012742 0.737787438412032 0.744954744665638 0.74432057801922 0.739413172219934 0.716729788785436 0.707021972349186 0.714465498521379 0.71595919724936 0.715519907343985 0.715972674679069 0.713395638819393 0.705974261249804 0.696347806347694 0.685956318937807 0.683433796572222 0.676528420399583 0.661071802328408 0.654648325160533 0.65294312978932 0.648584978311572 0.646958007966179 0.652087890728931 0.661982341181125 0.674910596162352 0.687174858254135 0.698662019227012 0.707935121535403 0.708165664900579 0.701435690982239 0.706974365644124 0.716356907416832 0.734556318089077 0.75041928346763 0.764118026765405 0.777452500779605 0.79007121708465 0.799179206187846 -9999 -9999 -9999 -9999 -9999 -9999 -9999 -9999 -9999 -9999 -9999 -9999 -9999
0.790532448470419 0.790502248299274 0.791311813021358 0.781113274691672 0.768447413932672 0.753769218834671 0.75009523342909 0.758505289017427 0.747927198021298 0.734133740536595 0.733663246578983 0.730946641307176 0.725261084875728 0.721766070732278 0.719011400869271 0.716329244696066 0.713555257399129 0.710634441640287 0.702635716335419 0.692596447668051 0.687574051714986 0.677934811870453 0.659287799770281 0.653926739592494 0.655505332607078 0.652802869870563 0.651648024794428 0.654494445928511 0.662871336196599 0.674769713281549 0.682942345965504 0.692064287408038 0.704947899654397 0.695823353158294 0.669758008126368 0.676224089860352 0.692234841361729 0.729051361677233 0.750496737762519 0.757704001857897 0.771657076689002 0.786345477353479 0.797893717951009 0.803977159546579 -9999 -9999 -9999 -9999 -9999 -9999 -9999 -9999 -9999 -9999 -9999 -9999
0.76813543191573 0.768018106312389 0.772704408629738 0.763108195081013 0.75075820776802 0.73817140405571 0.73416315086718 0.739575252169818 0.737429748647809 0.732950656586516 0.725474981534065 0.714810311747745 0.699930370192223 0.702312908136882 0.709887452240026 0.70905421525795 0.706692661812829 0.701887488531053 0.694737981086543 0.68666353236194 0.681710008829389 0.673115620316187 0.657417659897542 0.653846033989396 0.656608358142876 0.655349420425073 0.656055516914857 0.661754239481025 0.667983586227418 0.674550804139909 0.683436780699372 0.692106494773906 0.69957679151978 0.694635865643367 0.680141390808687 0.645595711378449 0.631394962526982 0.70856088098404 0.748608103735503 0.754272710693369 0.758963910098715 0.765563420412753 0.783582161382506 0.798231645835856 0.809130457074932 0.811405669855606 -9999 -9999 -9999 -9999 -9999 -9999 -9999 -9999 -9999 -9999
0.748862024614909 0.748142044629815 0.755002691769721 0.745684417534412 0.733313754273087 0.721030445232116 0.715981272905875 0.718876115375772 0.725148398477237 0.729865877499414 0.71546455943405 0.698076777929155 0.67674143423712 0.683416622907495 0.698608432066319 0.701442987698431 0.700591709089424 0.693847163029593 0.686585380623447 0.679166842018263 0.674660742361341 0.667698179984949 0.655942893996577 0.653560002032223 0.656072593996225 0.656610020515042 0.659541877628462 0.668375699006997 0.673048150297253 0.675070878833274 0.683826693668649 0.691266620267542 0.693126842744686 0.692704413738377 0.690524911850087 0.621952912695136 0.581691686324781 0.688815533500708 0.74373565878876 0.750300084110878 0.746674994746794 0.745817515581357 0.770816065909325 0.791204015696255 0.806459421888835 0.784546816182991 -9999 -9999 -9999 -9999 -9999 -9999 -9999 -9999 -9999 -9999
0.743642233575214 0.740248827883226 0.741721505645124 0.731064991241584 0.718137091226418 0.705364679927481 0.700413175019494 0.704050033663223 0.711860019169234 0.718598703935717 0.708407005072604 0.694137313727524 0.674477257073371 0.675856676766627 0.68446929747826 0.695490004976078 0.69976753077195 0.693263406976602 0.682811194484729 0.670865177316862 0.667177818886202 0.66249876592332 0.655884850378247 0.652316722050398 0.650339500200969 0.653987872259336 0.659907144511587 0.670958184494449 0.676376449306244 0.678208084661001 0.682094126673039 0.684870202272567 0.683784268892685 0.684022529195525 0.685280088689355 0.622730373293991 0.584635476258355 0.677248103517085 0.729143579901546 0.743323233353446 0.738364912783588 0.736038216263153 0.768302787073495 0.789917214260607 0.799675848271588 0.780346721186897 0.756293862780972 -9999 -9999 -9999 -9999 -9999 -9999 -9999 -9999 -9999
0.740037353060253 0.738485236951019 0.739351825460372 0.729093235827346 0.716912137768501 0.705727122014705 0.696335041612725 0.688911835386753 0.695579144016992 0.703450822537422 0.692129822602228 0.679434765943318 0.664923455887922 0.669670520082487 0.680927335985353 0.692834805841425 0.69785563939284 0.691865454291505 0.678498073130359 0.662219736849258 0.655746783239658 0.650520122863483 0.647725064220946 0.647247656781854 0.647980828431619 0.652869190884654 0.659116948366551 0.668387744449584 0.673846326162038 0.676877507535793 0.677680520149849 0.677064502539072 0.672642115870301 0.669293774693297 0.666772180928798 0.633203840171408 0.616200017536932 0.681328454012455 0.719281280447192 0.732061655608321 0.720662746629985 0.712951642417277 0.750919698822084 0.768064136527668 0.762027617693088 0.765771041674259 0.77476565284765 0.805532541007263 -9999 -9999 -9999 -9999 -9999 -9999 -9999 -9999
0.737807382618643 0.741940315504817 0.746272034221373 0.737889513582159 0.727565456053956 0.719735734253948 0.702039287887984 0.673507905850735 0.676750503760934 0.684998965957966 0.66800319004446 0.655568693733869 0.649163380518943 0.664653986689414 0.686407645271167 0.692987289117043 0.695017685781516 0.689774307070844 0.6737261105922 0.653281610962439 0.640954385392524 0.632769748121661 0.632667578619677 0.638921376547763 0.648495087864396 0.653030538172865 0.657343008706025 0.661430182571595 0.666328432172948 0.671743128470201 0.670984317657991 0.668058961929687 0.659967828719584 0.64941680777184 0.63697228618773 0.651932338209671 0.672131827917033 0.698731085016012 0.713445842721309 0.717152126966409 0.694964303924 0.678535458963501 0.720876682703996 0.728701246319457 0.698101691157721 0.742361748503035 0.800922563326698 0.815057637078661 0.823152841375903 -9999 -9999 -9999 -9999 -9999 -9999 -9999
0.714547185400559 0.718832017837235 0.721016733242856 0.71389306394059 0.706930217521225 0.710188486304304 0.698820918795411 0.671392297356926 0.664653647652739 0.663629435628929 0.665500069001353 0.666028657725561 0.664783307202222 0.670750959285483 0.679069541624094 0.686412366971582 0.687210960530502 0.677546004817465 0.663964551863599 0.648893004008946 0.641626598160765 0.635439505533657 0.63135822543053 0.631284133999924 0.633303118009163 0.637955316902741 0.643172396999079 0.649589364666299 0.654355784735292 0.658071230381151 0.660982261715389 0.661818844499903 0.656519522762363 0.652181386184393 0.648583122684151 0.660221392355989 0.674637346395655 0.692073738463845 0.68507807592159 0.655451285567576 0.67142202570103 0.695783976627646 0.717542905893695 0.724394740042679 0.71465192131024 0.751584405207065 0.796393613283645 0.80502653588837 0.80927017017252 0.807630865108244 0.807213373280246 -9999 -9999 -9999 -9999 -9999
0.686104650597299 0.689901794868049 0.689692639393126 0.684867266818094 0.682332884343222 0.696599403501121 0.693894701662796 0.672553411103659 0.656694943051053 0.645981374675096 0.664627579799444 0.676501286298314 0.679422979813362 0.674288272949451 0.667503068059049 0.675443620616896 0.67502754142961 0.661250073031514 0.650113517920719 0.640310863799662 0.640714020996064 0.637981003153104 0.629129097348477 0.622284387219666 0.616488095898989 0.622195743921268 0.628723218197108 0.636515017728427 0.641300294081248 0.644171188221433 0.650590971559631 0.654874700675184 0.651820536927352 0.651825033455135 0.654183936279469 0.658650043092305 0.665021347652901 0.677852740676626 0.654898658692624 0.598796907729601 0.648622446070705 0.709596909972312 0.71909767340195 0.730149154147191 0.74292690116816 0.765683654918517 0.788907117992846 0.794473125224968 0.79929439879633 0.803117509878241 0.79801732930851 -9999 -9999 -9999 -9999 -9999
0.64968318065415 0.654278099457993 0.654857802038368 0.657667804913529 0.663389596370787 0.68231577874474 0.687878463458301 0.678766304810644 0.662882598181785 0.647988409098197 0.654668952336374 0.660506321729525 0.665229168458932 0.657269073538747 0.646072087879766 0.649129690585076 0.646219980349262 0.633769154364812 0.620997373346273 0.608605342065703 0.620440603386049 0.624142332290521 0.611974993633178 0.606381544758409 0.604221836686138 0.615011034864312 0.622551573689725 0.621446831432932 0.626624378190264 0.635802127716459 0.640934481927952 0.642501674068416 0.634144046392596 0.61937909588717 0.599682103293146 0.619042238026418 0.640016475582218 0.646859941288915 0.633661322187861 0.601897953206769 0.627629215058619 0.667420248452947 0.72286901432316 0.755853855776752 0.763831744157261 0.77736658776422 0.791305847648097 0.796590398565827 0.796251717055382 0.78837624759642 0.788149161047747 0.790384337613765 -9999 -9999 -9999 -9999
0.620809339810019 0.628243039698213 0.632964706262227 0.636862991686907 0.644137503873739 0.670153742269604 0.681409761380041 0.676457156708329 0.656261223883059 0.635268613800881 0.639025728758187 0.643713972696571 0.649633000011839 0.640284086719312 0.626564962310275 0.623384555808851 0.618660967974481 0.611469992915067 0.601678690903016 0.591146933183959 0.597494805551684 0.599267915310175 0.592115356218625 0.590765267159564 0.592445983113185 0.603638617387406 0.610220644265147 0.605083586048166 0.611145536633011 0.624338376280246 0.627416158214158 0.627419561473758 0.620408213555683 0.598548938431929 0.565260458965847 0.591577496064731 0.619515139508629 0.622540047578543 0.616147072555482 0.601030422041691 0.620853444299198 0.653814334227108 0.721297722334186 0.761045602491946 0.769918176408314 0.780836647364383 0.791155211145124 0.792183387794128 0.788111175094162 0.777202938191199 0.78039777804944 0.787302931931328 0.777816112587298 0.768678336857297 0.76010673347677 0.752020407160563
0.599659730544662 0.612020974365629 0.624316168170944 0.622602451715543 0.624569381318854 0.660162935856803 0.674478008495209 0.665426564614077 0.636531109301201 0.60747740446224 0.617564898584752 0.626105581675102 0.632601661553373 0.623334113011203 0.609026706479209 0.59822152518977 0.592379718353096 0.594473833534404 0.592386715574368 0.588268996865941 0.571814098059118 0.563099533358866 0.569486879932547 0.57544225958374 0.58117200988973 0.587980505794413 0.59158631248257 0.587394979257521 0.594844982229852 0.609707523082141 0.609945639661734 0.609564974601053 0.610705243519987 0.589606351812734 0.55138884767712 0.57653994551136 0.603622714989716 0.605049194892694 0.60244302408865 0.596101455872233 0.62862779968043 0.669447677200922 0.714258788348335 0.745244423873265 0.760839470750705 0.775901665587524 0.788395557382976 0.781099435070201 0.774753491116421 0.769681066067733 0.774812709711702 0.782473118820048 0.775970204520669 0.768678336857297 0.76010673347677 0.752020407160563
0.580550402635545 0.595346807927884 0.610817268929004 0.614172370560711 0.619135365777946 0.644822035357937 0.656465621149694 0.652688090394125 0.627773866894902 0.600908091341933 0.601691280616715 0.602134371876071 0.602127915336569 0.593076212085965 0.581589560005267 0.578501044683695 0.577638601094237 0.580335415795811 0.575943308330841 0.568602267993104 0.563552229278839 0.560003744830148 0.559384893518669 0.561216835320315 0.564328900243788 0.577197379176345 0.584650152016675 0.578425435505621 0.58133516839121 0.590061196847782 0.593907314784058 0.597498859738917 0.601451305980019 0.582268186615017 0.545276446341211 0.560710238250726 0.580977404640962 0.592871021696646 0.596795705807908 0.593338860086169 0.623541173961432 0.660408176446711 0.697914829287565 0.728162788489693 0.75033033360971 0.754354847612418 0.754291093032414 0.759921378833913 0.760834527840523 0.755425323965349 0.75779684705581 0.762274756075382 0.758587227685431 0.753069212901262 0.74458202538096 0.733215836859417
0.563308346231645 0.579300626904291 0.596040869651882 0.606778251097462 0.616849801055181 0.629429887047895 0.637128186420102 0.639465654683608 0.619876606827769 0.596561550807589 0.58852820967799 0.58122573751433 0.574889341364027 0.566859373983547 0.559200068808392 0.56466934886483 0.568126724402404 0.568367272855647 0.560407974666262 0.549433504049072 0.559716276288964 0.563145798633577 0.553204170530211 0.549688799580535 0.549530056460925 0.568263187712497 0.579576578953176 0.5718081106983 0.569690477781775 0.57117097400513 0.577591568680223 0.584234157959628 0.590402518730654 0.573721882092261 0.539453210653317 0.544867207987347 0.55805106909501 0.581228944707419 0.59293838898366 0.594024758798606 0.619493300996573 0.65011193528402 0.682948437388054 0.711416222194564 0.735020729043822 0.727468339388278 0.715478993546547 0.734330315285779 0.742839809928267 0.737488209760261 0.73795279158644 0.740057592904715 0.73702959980822 0.730889692332019 0.719702049258011 0.707054895631766
0.555383946654871 0.568144711598115 0.580220884717122 0.597302628644063 0.613771629488435 0.621952083114248 0.626044544340932 0.625647862856356 0.60078698380967 0.574304209551353 0.58483891307294 0.590582874615234 0.589994345481274 0.588158875563809 0.585786177612248 0.581753268830683 0.575717165935915 0.566478162993903 0.561971518511164 0.559498416885802 0.558547211924672 0.556894029931395 0.553871243640699 0.554475269533269 0.556973688758945 0.564149604224089 0.568884936802362 0.567439084163971 0.566190962069354 0.565068743489669 0.557213478951637 0.55403442551938 0.566677966284996 0.554633772312601 0.523586173948382 0.530157719394061 0.543669881090211 0.564967214461227 0.588598025842461 0.614390310744329 0.64222795923238 0.669501576274479 0.691538876085916 0.698882702303558 0.689869680188469 0.690568989681428 0.693610320728861 0.694854709614958 0.698500673506046 0.705365455361048 0.716867590182817 0.728079866430402 0.711578555458692 0.688933445058684 0.656322676450907 0.660801239933438
0.550313363832237 0.559480383917012 0.568599906059134 0.590084193886759 0.61101391896353 0.616557577423868 0.617885863377195 0.614585126837935 0.589614729880811 0.564458077489092 0.581937712700471 0.593374907623023 0.596825094070437 0.595980241595967 0.593380905209012 0.586404888647669 0.576605324181265 0.562291198864808 0.556853051367099 0.555091199928182 0.549707054578067 0.546543957808372 0.547714275867389 0.550576433216939 0.554322289228211 0.555023554651227 0.556823050045327 0.561462361060252 0.561181101589599 0.557766703920983 0.541911864319714 0.533693148616944 0.55164907068108 0.545692592713756 0.521329524891218 0.521138599106743 0.527445191727712 0.546849441889644 0.57398403668315 0.608279159732487 0.635162705460777 0.660154502270426 0.682696087006249 0.685449190207404 0.666173656739944 0.66853076535222 0.675285825435966 0.671366151980747 0.674811505071822 0.68812816332832 0.70173981383296 0.712764067923909 0.684043275959954 0.651807736924977 0.613871040421344 0.628235148803957
0.548754830592753 0.553882328542049 0.562146434467808 0.585643567163437 0.608650583819168 0.613726882712672 0.613326785804699 0.606912900245503 0.588185986206833 0.569885799998207 0.580006382955155 0.588087595290888 0.593473130109422 0.587214740141036 0.577603889558756 0.575756698309685 0.569245317510563 0.555276380385893 0.543511367411946 0.532873856466187 0.531426466667113 0.531150308588151 0.533159302193186 0.535989024756815 0.539247438796284 0.539728913700895 0.543074871766204 0.553507126176417 0.554312535324747 0.54898811934319 0.532857613756013 0.525484180003695 0.547321485153206 0.549238732722971 0.535822499367348 0.51912233056453 0.508951797422804 0.526447530833787 0.546726809683848 0.569584454275392 0.591424190032939 0.615442590012074 0.652399096194741 0.670908102705667 0.668881260268242 0.664781384941239 0.661322972207331 0.667552054982916 0.676535219703441 0.689209665529091 0.693943542614391 0.693340271077249 0.653943032478737 0.620626731774427 0.597174123617954 0.612513658985552
0.543076729208327 0.549903779092934 0.567508880204449 0.581158142140845 0.593071892926999 0.599758733215441 0.599137660106073 0.59049155589066 0.576687754619766 0.563968182619444 0.570284657924109 0.575183861745769 0.578209690108963 0.570368646869439 0.559061603156932 0.550284826334731 0.541131578229101 0.531376391507769 0.517426559914758 0.502152821789867 0.508023282314642 0.512571153104981 0.514538562568166 0.511956195176257 0.506997342180496 0.514518612405707 0.524016849196766 0.537511708737624 0.538614466925184 0.531826642868909 0.521310309650206 0.517335058772746 0.534166905985067 0.537448879726647 0.530300827070298 0.509012165656836 0.492708982562756 0.503648155389964 0.512885614397569 0.520546795700963 0.548712505208838 0.581601009493305 0.618487290854689 0.638517896630338 0.639784679995878 0.639382358307188 0.640235774661284 0.654915341902826 0.664824146666928 0.668338724337544 0.666752269235577 0.66177430525967 0.632423315488604 0.607564235003644 0.589991335190443 0.600520681589678
