layers/veg/veg_5000.asc
NCOLS 255 
NROWS 330 
XLLCORNER -2985163.8955 
YLLCORNER -3022031.214 
CELLSIZE 25000 
NODATA_value -9999 
[rows 225 to 249 of 330, columns 56 to 111 of 255]
-9999 -9999 -9999 -9999 -9999 -9999 -9999 -9999 -9999 -9999 -9999 -9999 -9999 -9999 -9999 -9999 -9999 -9999 -9999 -9999 0.177103687448664 0.159462583156187 0.141399439235328 0.12254926474348 0.106294199191142 0.0913342261713503 0.0902780527125679 0.0860564246095735 0.0740752267755323 0.0554022604724905 0.0326482231747091 0.0388915218183782 0.0481860361976635 0.0608705558434314 0.0593789390262634 0.0474201141294046 0.0533040042546544 0.0636200184317799 0.0825223467013562 0.100991293804066 0.119074892803283 0.129226901793985 0.135668792380813 0.13059805701268 0.131127319710942 0.13764081333391 0.136791765159894 0.135445889364098 0.143882139325896 0.153131664995834 0.163426841605418 0.166793799494116 0.168116193156181 0.171923647435225 0.179316126279308 0.192278878111932
-9999 -9999 -9999 -9999 -9999 -9999 -9999 -9999 -9999 -9999 -9999 -9999 -9999 -9999 -9999 -9999 -9999 -9999 -9999 -9999 0.177259479196236 0.164638401130592 0.14840183384118 0.125423007396887 0.104154536591508 0.0837396210192965 0.076839321863314 0.0669283850501078 0.0496272847076794 0.0380616880354598 0.0299939705527468 0.0373578132071706 0.0484227703657708 0.0672904324172298 0.0678488075746025 0.0548881878907341 0.0588017699582707 0.0649639093221485 0.0719941685217506 0.0893161576223729 0.115789210272189 0.129852258512562 0.140236123643559 0.143334463639839 0.148555334358697 0.156044369072986 0.145648823050428 0.13353990496289 0.141459911797964 0.150382753709588 0.160594968252913 0.166011142879749 0.169523770022852 0.168607345685739 0.171641571262214 0.180814164401204
-9999 -9999 -9999 -9999 -9999 -9999 -9999 -9999 -9999 -9999 -9999 -9999 -9999 -9999 -9999 -9999 -9999 -9999 -9999 0.196336207433553 0.197181462932031 0.186872064169009 0.173083331955433 0.152806247444836 0.126263561186054 0.0965940181266043 0.0832844899556182 0.0699906366092179 0.0561645955670047 0.0468103362204169 0.0401832570889496 0.0415296691533449 0.0461346716489503 0.0586587549614824 0.0595277167064639 0.0517909075518346 0.0554281190248415 0.0615698499082879 0.0719877039935314 0.0848295724509297 0.0998267937768043 0.115736945343577 0.130443396870956 0.138245653836507 0.145955347173375 0.153566125810148 0.151534059206698 0.14726510969874 0.144117377524201 0.146389300530566 0.155629423220923 0.161942297808533 0.167065121099377 0.169129144342459 0.170827034483281 0.171956041121988
-9999 -9999 -9999 -9999 -9999 -9999 -9999 -9999 -9999 -9999 -9999 -9999 -9999 -9999 -9999 -9999 -9999 -9999 -9999 0.252081515981982 0.217653441837791 0.209178946235231 0.197376460692925 0.179367852202967 0.148060214305853 0.110115678275834 0.0903997541311824 0.0733837875800053 0.0619412873093642 0.054774823636687 0.050216162223343 0.0470643981940217 0.0463063548404147 0.0521975275651635 0.0525348197395789 0.0487713032400599 0.0518809705320968 0.0577922198318308 0.0710953749356822 0.0805925637059949 0.0867056139379602 0.102575652728377 0.119312576819798 0.131554782028022 0.141757701082105 0.149781412371605 0.153963500324595 0.155861670541773 0.147941455889209 0.146034983027968 0.151860543340638 0.158136644843527 0.164415860394004 0.168897984174532 0.169946913810398 0.165661478712776
-9999 -9999 -9999 -9999 -9999 -9999 -9999 -9999 -9999 -9999 -9999 -9999 -9999 -9999 -9999 -9999 -9999 -9999 0.27722164743308 0.259762436520949 0.235802937091843 0.228305253442948 0.217012716111661 0.198643436077517 0.164115111280942 0.1215225939234 0.0955210520810557 0.0733299289108189 0.0593218479141448 0.0552486831651518 0.0572344696069245 0.0554572933151763 0.0541887523582077 0.0550924293771986 0.0527760980150585 0.0480822149249305 0.0495911396809892 0.0538335947435029 0.0655128888264277 0.075656131912299 0.0844335695967433 0.0951439696139896 0.107118767509312 0.123717076883266 0.136864559664323 0.146324444169777 0.146857531961801 0.146318000160042 0.154173147248013 0.156592550065165 0.152023067013041 0.155756325835183 0.161977548972739 0.165696419953672 0.167509209868398 0.166360404490138
-9999 -9999 -9999 -9999 -9999 -9999 -9999 -9999 -9999 -9999 -9999 -9999 -9999 -9999 -9999 -9999 -9999 0.299106255978145 0.294614884777893 0.280679060712728 0.263206464534973 0.253999315543957 0.239301043047105 0.214362779379917 0.178189802160538 0.136410126353206 0.105376457140473 0.0804036303403519 0.068990066315288 0.0648026926038356 0.0650223147153802 0.0638328934186352 0.0624749216221875 0.0608936452580357 0.0571715624577302 0.0518687763054111 0.0591758889801776 0.0658185446300053 0.064358148217836 0.0691072229809823 0.0793775527594364 0.087989360314542 0.0975321594321008 0.113280726268668 0.127292661162558 0.139448808527061 0.141969421066212 0.143129939078142 0.151860508006536 0.155533330476076 0.152703269256543 0.154785671733772 0.158442461671118 0.161907741024137 0.164146344915276 0.164478987754528
-9999 -9999 -9999 -9999 -9999 -9999 -9999 -9999 -9999 -9999 -9999 -9999 -9999 -9999 -9999 -9999 -9999 0.305712519170559 0.317946731662047 0.311480997556539 0.297521524895475 0.28459861821586 0.263570115155296 0.227426083317605 0.190785542099339 0.153897217221075 0.118767611422872 0.0928006724754634 0.0878355330338948 0.0811383679927659 0.0733849022937084 0.0721955764410134 0.0710626547512865 0.0688654917293365 0.0646696522050045 0.0589980535491828 0.0776293724605172 0.0897112273844779 0.0665103454015827 0.0613540077983508 0.0722422782369774 0.0810416883536912 0.089892784385618 0.100903532642242 0.114226352555271 0.130019882376115 0.138737755121045 0.144688673986164 0.143166388671392 0.14579791422793 0.153770108634179 0.154867850085035 0.15408822846151 0.157680565388262 0.160092507567461 0.160670397884858
-9999 -9999 -9999 -9999 -9999 -9999 -9999 -9999 -9999 -9999 -9999 -9999 -9999 -9999 -9999 -9999 -9999 0.324749211619257 0.324756471402945 0.318345847591796 0.3091513914389 0.293694841507856 0.273591332415737 0.244822051969591 0.210946656278945 0.174523047053681 0.13991139444907 0.111773639950828 0.0984549690593195 0.0917889858865776 0.089180239752429 0.082318351625937 0.0767001175976488 0.0754682130466202 0.0735255943494212 0.0710582069416081 0.0813620093728971 0.0884215019180351 0.0776768254083038 0.0776796072884297 0.0872386713158503 0.087226213116818 0.0871057199955566 0.0951407936549991 0.105456365996761 0.118208908954704 0.130131225164198 0.140523134368357 0.14115148545138 0.142430865964018 0.144547292914906 0.149901511120791 0.156340203659613 0.163242155525682 0.165534441144869 0.160664405023891
-9999 -9999 -9999 -9999 -9999 -9999 -9999 -9999 -9999 -9999 -9999 -9999 -9999 -9999 -9999 -9999 -9999 0.32680478890421 0.325799641553881 0.32170037186778 0.315975088553646 0.298366619822429 0.279719804138906 0.259136651818253 0.228531879939171 0.19292580562668 0.161019398509966 0.13198565563736 0.109427015604182 0.101431007208667 0.102316228619423 0.0919130025858695 0.0833666838924542 0.0822927523913769 0.0819508802847184 0.0821495375407752 0.0837287870313274 0.0855736726985283 0.0877944020965478 0.0926753730519241 0.0999217422233152 0.0941206906025119 0.0879635097961721 0.0918695978399784 0.0983187991806355 0.10748560453751 0.120608749983973 0.133621474865672 0.138596152295215 0.13980152670037 0.136160604566962 0.14493047877758 0.157476842206734 0.167007279279468 0.169616435280513 0.161471571525121
-9999 -9999 -9999 -9999 -9999 -9999 -9999 -9999 -9999 -9999 -9999 -9999 -9999 -9999 -9999 -9999 -9999 0.327432498209348 0.328016570696525 0.322905132889243 0.315145559635879 0.296282304199549 0.277723298648809 0.259731666266545 0.232807068137653 0.201424461693268 0.178372161475875 0.153831011459181 0.125578004423802 0.109898564282787 0.101887294281058 0.0986811796752116 0.0953170835390754 0.0905985044098338 0.0881074704923423 0.0872611850787375 0.0877834242818548 0.0885680750744212 0.0897219151394732 0.0913815779237101 0.0934910014277096 0.0975791830890273 0.100391729015545 0.0949682020702241 0.0953720687671309 0.102003164264975 0.110118695139981 0.119006013385454 0.130871070156499 0.136999354237002 0.135751711931964 0.142298602441113 0.151295481129274 0.15938302536611 0.164102888804825 0.163590179622771
-9999 -9999 -9999 -9999 -9999 -9999 -9999 -9999 -9999 -9999 -9999 -9999 -9999 -9999 -9999 -9999 -9999 0.346645388111746 0.333599859827867 0.323721415665798 0.314756962109758 0.294527488033389 0.274417333938579 0.254529690875677 0.229092738749647 0.200886396630378 0.184373289779275 0.164153218414287 0.135005547412945 0.11619838714675 0.103697535687786 0.100638035416172 0.0973637201109446 0.0917041045455129 0.0885082339130621 0.0871315141427817 0.0863766334416528 0.0859920592295516 0.0867123488302927 0.0870830655491088 0.0871429537008777 0.0935922161334934 0.0994463140181052 0.0964888903607585 0.0955152592038135 0.0966615345697551 0.101413389079201 0.1078760050064 0.120363692107567 0.129066000230844 0.132901342520119 0.139396871856687 0.146673030487364 0.152939468747089 0.158653467396943 0.163509106674124
-9999 -9999 -9999 -9999 -9999 -9999 -9999 -9999 -9999 -9999 -9999 -9999 -9999 -9999 -9999 -9999 0.351798104747276 0.346826507363425 0.334239532593678 0.324188375523686 0.314764853814841 0.293068960561459 0.269933892438724 0.244115013263643 0.218194167673344 0.192222435609298 0.180166932325253 0.164113712591046 0.138387311129253 0.120548965101597 0.107521262835197 0.0982685103672195 0.0905048092849331 0.0863352673001641 0.0837333092768411 0.0822888053701416 0.0800588803384198 0.0784070762762616 0.0792633190721768 0.0800826860505709 0.0808692642798615 0.0829102291679185 0.086475214187457 0.0965907033122016 0.0984369325645468 0.0914465229348552 0.0943129441971708 0.0998801454918965 0.107354450078618 0.116518644446619 0.127855576571331 0.136252486053474 0.143452365274695 0.147557605106576 0.153261707791593 0.161450061951499
-9999 -9999 -9999 -9999 -9999 -9999 -9999 -9999 -9999 -9999 -9999 -9999 -9999 -9999 -9999 0.363351335970417 0.363380538012225 0.357802428940816 0.343635170960046 0.333004650332734 0.323223978825894 0.295530010785164 0.268378489127887 0.242238535717261 0.214704562888446 0.186474902833852 0.176955037680693 0.165545058979177 0.14914030604656 0.131374798595227 0.112779415480529 0.103890965416448 0.0966398313592659 0.0923020527614343 0.089353660729599 0.0874311475278266 0.0847744685912408 0.0824647118644053 0.0817772064194177 0.0816875511533916 0.0821294843601674 0.0826324520870404 0.0842529057526881 0.0914571274118365 0.0948233041558681 0.0940880960781302 0.0950495881664989 0.0965216077996486 0.0986582137290828 0.105693875769757 0.119028388956254 0.129353842460441 0.138174385626634 0.140303667023802 0.144533175358292 0.152025935357184
-9999 -9999 -9999 -9999 -9999 -9999 -9999 -9999 -9999 -9999 -9999 -9999 -9999 -9999 -9999 -9999 0.374900072866725 0.368625561478767 0.352739899299191 0.341591903757645 0.33162703131843 0.299061918236881 0.268725151992195 0.242543865388363 0.213463995392971 0.182937583540232 0.174255055025513 0.166376997655383 0.159589548409599 0.143817535184701 0.122566156732897 0.113125338562557 0.105477020726752 0.10079691886465 0.0973129927856118 0.0947122848424847 0.0917284734429663 0.0888669519332559 0.0866327055027099 0.0854373003352963 0.0851655982292608 0.0847414325122375 0.0846875183589784 0.0866406245801839 0.0906553422280503 0.0968731247177037 0.0963450768986989 0.0941596071244033 0.0920762436762846 0.0968553645839079 0.110457770317396 0.121645871309687 0.131389098913683 0.132773177485926 0.135821648794941 0.141456189386262
-9999 -9999 -9999 -9999 -9999 -9999 -9999 -9999 -9999 -9999 -9999 -9999 -9999 -9999 -9999 -9999 -9999 0.368429199550623 0.35204639280272 0.341085147356517 0.331730228867975 0.304393795825165 0.276092782825795 0.2459929958182 0.216783912275566 0.188019335469672 0.173248983821053 0.162727471703196 0.161487022489299 0.158450058148397 0.154317463286147 0.133387000789879 0.11591444182616 0.111567329850768 0.107465288246548 0.103544198806267 0.0997526595541349 0.0963087455178541 0.0941045593515722 0.0920771268494878 0.0902068578203259 0.0892809805172152 0.0886175287485337 0.0884198983685525 0.0898272266154797 0.0929496345703185 0.093089969944516 0.0925344330101937 0.0922953358730749 0.0966141106413079 0.106793066640712 0.113328216794418 0.118790659550037 0.125592891484781 0.130360689258085 0.13196746164625
-9999 -9999 -9999 -9999 -9999 -9999 -9999 -9999 -9999 -9999 -9999 -9999 -9999 -9999 -9999 -9999 -9999 0.365934553113669 0.360545568528074 0.352487417484169 0.342758069099033 0.314394156988875 0.284254623791874 0.250803865809674 0.222221183124655 0.196067919825182 0.176977201575181 0.164525598726985 0.167090511526352 0.172025907720026 0.178406977216481 0.160630067377832 0.142571555998631 0.128216031428979 0.119441342452936 0.114787364897073 0.110046876375789 0.105732145292679 0.103045113149393 0.100118327995491 0.0969783624474886 0.0949462369831539 0.0931788201835605 0.091740167685135 0.0913504278271151 0.0920815696882687 0.0915655720946321 0.0909229919795781 0.0916247197728911 0.0952284256370672 0.102563284499241 0.106989969787435 0.110847618519312 0.119390916176764 0.125126497096341 0.126499555968792
-9999 -9999 -9999 -9999 -9999 -9999 -9999 -9999 -9999 -9999 -9999 -9999 -9999 -9999 -9999 -9999 -9999 0.371841098881806 0.381406169667106 0.376759285865037 0.365591724190879 0.329439557553772 0.293274735189124 0.257086312091741 0.229946591870049 0.207322638730468 0.185821571918641 0.17221078167884 0.176698939464689 0.184459853542604 0.194216704993171 0.195417652331533 0.186756629583767 0.151217161407033 0.13338825819935 0.128636272614789 0.122794222611154 0.117296985889947 0.113572830956962 0.109673937432556 0.105619672170843 0.101828000575666 0.0984223112442623 0.0967257278892798 0.0954146010334327 0.0945153780166415 0.0919114808404793 0.0893263917311378 0.0899926322781365 0.0926060007568828 0.0977228451553708 0.102790787577182 0.107935476202986 0.114246161251703 0.120137363169 0.125376788365187
-9999 -9999 -9999 -9999 -9999 -9999 -9999 -9999 -9999 -9999 -9999 -9999 -9999 -9999 -9999 -9999 -9999 0.398645122533443 0.398359489017148 0.388187496910685 0.373504467102636 0.342221349401331 0.310892363894029 0.279477842898787 0.249969973836878 0.221413621932275 0.204415047005333 0.194372642225533 0.199919460092859 0.20842358552367 0.21873126739487 0.226293231024356 0.220353999339068 0.175941346597575 0.153731745227921 0.147916170490326 0.137483465406268 0.127721366470467 0.122521143502321 0.117758958428157 0.113386262064183 0.108802561553317 0.10439890833514 0.101095648760332 0.0989288563935731 0.0979765076981666 0.0961631573219781 0.0944694098008117 0.0952293455173816 0.0974408418657768 0.10151864963037 0.10490118884382 0.108128194735075 0.112229905669989 0.117986102921431 0.12631297724124
-9999 -9999 -9999 -9999 -9999 -9999 -9999 -9999 -9999 -9999 -9999 -9999 -9999 -9999 -9999 -9999 -9999 0.405904279468496 0.407442070795977 0.395198674114144 0.377238643588157 0.353984762327659 0.329916687812478 0.304330284356043 0.272790162176514 0.238278828830561 0.227030290256356 0.221111124466882 0.226635002870509 0.235068214771303 0.245275725439952 0.25543454225579 0.251212684820546 0.205473591401373 0.179672079050486 0.168591842146763 0.154095553294239 0.140858297180499 0.133843611287881 0.128154455308259 0.123643916391739 0.118294341095708 0.112852122043042 0.107705093007574 0.104565213943673 0.103570201500791 0.102695184174586 0.10198414061933 0.102262521636598 0.103832198600208 0.107062130267281 0.108200351715467 0.108793658639604 0.111048710068677 0.116103616451523 0.125508829544381
-9999 -9999 -9999 -9999 -9999 -9999 -9999 -9999 -9999 -9999 -9999 -9999 -9999 -9999 -9999 -9999 -9999 0.405065699345024 0.404480392995521 0.393284576349081 0.377818138213865 0.362358806512314 0.343179963303358 0.317064877456025 0.293310379336451 0.270733935629967 0.261485213452655 0.254865966530699 0.253828382124709 0.260001658806081 0.270572582561924 0.278912957101415 0.281546765386424 0.268118998066166 0.235776569862994 0.189468157928227 0.181558888804669 0.176709105153519 0.166155816763829 0.158849855140905 0.154431308354306 0.146667041970254 0.138656612700869 0.132445296040614 0.127317873894574 0.123348715554018 0.119036451641293 0.114590468966193 0.109785446086193 0.107773361065922 0.109352233046041 0.108455763378041 0.107111645556305 0.11021802737608 0.114883938446631 0.12197298595679
-9999 -9999 -9999 -9999 -9999 -9999 -9999 -9999 -9999 -9999 -9999 -9999 -9999 -9999 -9999 -9999 -9999 0.485621458209909 0.458624706727322 0.43912373438997 0.422593006581823 0.404598234254296 0.380437417943962 0.344778001051666 0.322405174487565 0.306663038317637 0.301399307343293 0.297730295328577 0.297363240065199 0.303523872780494 0.313665509649757 0.317716070494164 0.321641887213622 0.326346167709272 0.301727172750077 0.255456804261398 0.231079146970071 0.211162665712154 0.198134963565218 0.188703251765528 0.182468974848643 0.172970259298659 0.163090569793339 0.154255799658516 0.146410382141461 0.139622199727077 0.132967242103959 0.126263397222605 0.11895597278014 0.113626125299333 0.110838902893245 0.10942108980191 0.108678209863945 0.110855231312045 0.114385130685128 0.120017079632939
-9999 -9999 -9999 -9999 -9999 -9999 -9999 -9999 -9999 -9999 -9999 -9999 -9999 -9999 -9999 -9999 -9999 0.511866813981769 0.551317444581354 0.547063323515123 0.524841479942836 0.490877694078902 0.4488979569306 0.391969863533067 0.362650727437926 0.347109877829847 0.348412746561474 0.35244100074715 0.362149274576698 0.371219739568619 0.379901227691498 0.376448094909857 0.374430695783823 0.378827667888624 0.380482092201872 0.380111506493683 0.309283196055025 0.243799184368615 0.229680986238895 0.217461670439226 0.206930777581264 0.196582229335792 0.185742224846131 0.172256393490021 0.160743068365391 0.15133758910957 0.143763342406902 0.136722491008198 0.130269113792269 0.121964820425454 0.111280753270975 0.111309620559501 0.11446936688224 0.113401339486642 0.114823774247411 0.120115793114765
-9999 -9999 -9999 -9999 -9999 -9999 -9999 -9999 -9999 -9999 -9999 -9999 -9999 -9999 -9999 -9999 -9999 0.577387198157546 0.578211700047403 0.570593664695087 0.558966553279103 0.528266749268196 0.487108527547524 0.426447174110761 0.385664577811178 0.354802501429929 0.377421926433882 0.393888137993566 0.39435197930702 0.393261178395959 0.39122225662282 0.389032974785199 0.387442420016086 0.387608887526369 0.394076130539362 0.405195665692933 0.331348598307415 0.261500974769919 0.244469333890281 0.230902832642257 0.220417418177573 0.210380628481037 0.199909699883889 0.186840133796295 0.17496030663195 0.164351849988168 0.153264858215495 0.142821351234723 0.137994309863496 0.131537012577498 0.122983650436641 0.1214332364158 0.121942749878423 0.119856133534653 0.122246857041419 0.131594298634073
-9999 -9999 -9999 -9999 -9999 -9999 -9999 -9999 -9999 -9999 -9999 -9999 -9999 -9999 -9999 -9999 -9999 0.63658381624989 0.586125028919399 0.574253547734964 0.577036141846856 0.55241312698626 0.516388328093867 0.459101183219355 0.40694689435916 0.357354164049964 0.403400997626959 0.432681796087906 0.420099519446972 0.406013488592028 0.391010371658204 0.393567255345361 0.394171064589478 0.385852369938322 0.388913183500334 0.400376263831094 0.339989358174961 0.280517614888484 0.256500952288885 0.240155825808713 0.230631973810479 0.221154195889131 0.211402774024003 0.200228560510865 0.18891358409001 0.177448186591248 0.161998614405077 0.147209438334942 0.144562613114375 0.141331406679904 0.137348845250669 0.133859977423262 0.130590065437216 0.128065886525976 0.128341058353215 0.132965753460177
-9999 -9999 -9999 -9999 -9999 -9999 -9999 -9999 -9999 -9999 -9999 -9999 -9999 -9999 -9999 -9999 -9999 0.662459342830966 0.677511612628285 0.681122464990528 0.678154582513055 0.613570746835672 0.558886960299349 0.5226650451237 0.479833370255214 0.433703086110722 0.467262390640402 0.49385076843368 0.501646772886289 0.493740000457194 0.47625666428928 0.49146792996262 0.489996685999928 0.434240199755259 0.418536909114795 0.432407623616133 0.414523748536151 0.38123828767031 0.304627019189909 0.260488638359197 0.245224067992427 0.234540995871305 0.224375906688339 0.212660056578296 0.199898193331993 0.186018546814437 0.166234331859103 0.147940914710409 0.151416756944258 0.148722246011027 0.138094342351918 0.141005171339565 0.14739748162572 0.142460754702621 0.138258548143464 0.135197611014563
