layers/veg/veg_3800.asc
NCOLS 255 
NROWS 330 
XLLCORNER -2985163.8955 
YLLCORNER -3022031.214 
CELLSIZE 25000 
NODATA_value -9999 
[rows 200 to 224 of 330, columns 112 to 167 of 255]
0.34482926065144 0.337398927048505 0.328209648301336 0.318171247353438 0.306525451607093 0.290437861682309 0.27209947510305 0.255797917467697 0.241460742879872 0.2316241213887 0.213927409433337 0.191367461223704 0.168842530975706 0.148918841942296 0.136635033370883 0.116477170707809 0.0904239670380519 0.06097324499611 0.0348881273530552 0.0232272859179997 0.0179070081969872 0.0183019915330928 0.0238814455855587 0.0300232578326471 0.034115445579115 0.0499723347267758 0.0785735300839336 0.115933569322312 0.155733087913959 0.197230217007369 0.237359585526235 0.275705898172906 0.312405944709187 0.348611339685067 0.385451690162082 0.419286302997209 0.448383478672956 0.456214231882813 0.453650609990105 0.388789360310952 0.324280575925092 0.260449141350514 0.230495186818932 0.217970877870699 0.217720793730325 -9999 -9999 -9999 -9999 -9999 -9999 -9999 -9999 -9999 -9999 -9999
0.344597866718585 0.336363078406003 0.327583297932351 0.317749639139736 0.305920980656095 0.290590197265856 0.273484777162015 0.258401428983658 0.242187958409292 0.223246319748915 0.207392844088691 0.193450092780797 0.172514896792838 0.152385949905881 0.13603744368319 0.117010780209069 0.0959789679154302 0.0636902687797035 0.0342475676745769 0.020954916297646 0.0135574309922305 0.0114737339544346 0.0212671589751519 0.0326025484615461 0.040554682915681 0.0566374118647716 0.0815277409709269 0.11498516375497 0.151373320559568 0.193569780795665 0.232028110068988 0.265613293787275 0.299226923687014 0.332536748055096 0.361695421979123 0.387984320710076 0.409750076952057 0.410768627646867 0.40214475010264 0.352803131295731 0.302309193088252 0.249600786269626 0.224465881798157 0.21351728554066 -9999 -9999 -9999 -9999 -9999 -9999 -9999 -9999 -9999 -9999 -9999 -9999
0.349959897382052 0.339277104116057 0.331620784901641 0.322316896531969 0.309894147192745 0.296986666761794 0.283833557858261 0.26316436452876 0.242991487185004 0.224305136790792 0.204068794197754 0.18287343233013 0.173928339257176 0.162806359276038 0.142814199258886 0.122815446606495 0.102811758017367 0.0687141654087767 0.0384981098314488 0.0297149078829645 0.0208263784715371 0.0118429089294914 0.0229692101279067 0.036828311970613 0.0455902980839465 0.0604006198808286 0.0817629007441054 0.114976146642677 0.151287516193492 0.188353196086701 0.22323426609666 0.255267409683477 0.286846836370077 0.317766290104664 0.341919917422606 0.362522208856079 0.377527128666009 0.374230898064973 0.362962523255792 0.337256845337168 0.302309193088252 0.249600786269626 0.224465881798157 0.21351728554066 -9999 -9999 -9999 -9999 -9999 -9999 -9999 -9999 -9999 -9999 -9999 -9999
0.353907224873421 0.343768817637323 0.336612482833811 0.327883234218658 0.316176447768481 0.303622027856823 0.290638085440817 0.269204231270525 0.247898273910008 0.227258777355345 0.204687333590979 0.180920545351334 0.171572630234837 0.160647314393075 0.142176765273958 0.125925404666665 0.111335560843868 0.0731324366342183 0.039395003045604 0.0338039965620978 0.0257559288705439 0.0154931138993106 0.0235646520358748 0.0355549289336457 0.0502814529119348 0.0664018092238667 0.0840320573264091 0.115333167116223 0.14969627517419 0.181031236571949 0.211648224781787 0.241329240473759 0.268753181670056 0.295030849060892 0.315974563815017 0.332720603595168 0.342850556486175 0.338294313209103 0.327725474082948 0.321066819682019 -9999 -9999 -9999 -9999 -9999 -9999 -9999 -9999 -9999 -9999 -9999 -9999 -9999 -9999 -9999 -9999
0.356346419010112 0.349942413024897 0.342621409969183 0.334514633711802 0.324920382794083 0.310512057489991 0.293664289454438 0.276605360620095 0.25717930697745 0.232232379854065 0.209508839741133 0.188160965260266 0.165198846475681 0.145078039776425 0.133635491957334 0.126162689784054 0.121662054682451 0.0769050855908524 0.0367167647903782 0.0329137053909364 0.0281915831390923 0.0226410354717373 0.0229804017330833 0.0284192233318315 0.0546053984632476 0.0747887812193656 0.0884695404465025 0.116080399121883 0.146500175075709 0.171464858559141 0.197085583125446 0.223561543561967 0.244568622733309 0.263804399507739 0.283451890434074 0.298292915012708 0.305558317566459 0.302998574030395 0.296803159565301 0.308797809401644 -9999 -9999 -9999 -9999 -9999 -9999 -9999 -9999 -9999 -9999 -9999 -9999 -9999 -9999 -9999 -9999
0.359190904155122 0.355140371116502 0.348061397207985 0.34036770785377 0.331510357475161 0.317443977013748 0.30073801736149 0.281120813287351 0.260855456988759 0.23920256460398 0.216127497067108 0.192172493886863 0.168389807116347 0.146958155447382 0.132403154828887 0.124344001034734 0.121148318041121 0.0824929356043016 0.0466657795593735 0.0383316910549524 0.0323611413612816 0.0285210396737006 0.0296268485535933 0.0344264962734242 0.0536047591876387 0.0726443447294792 0.0915337057277809 0.114577568670302 0.13871139611109 0.163139197192183 0.187264039879221 0.210993936437819 0.228604959639752 0.244278799601422 0.261005028431576 0.273168248158796 0.278139566443403 0.284093388312097 0.289411531534788 0.252676020961344 -9999 -9999 -9999 -9999 -9999 -9999 -9999 -9999 -9999 -9999 -9999 -9999 -9999 -9999 -9999 -9999
0.362191383312159 0.359449198608257 0.352977773094127 0.345759303291577 0.337126672956675 0.323822232173817 0.308150438266487 0.285255526402655 0.263924018555962 0.2465592142685 0.223347843881791 0.196519055559962 0.174594768438089 0.153448285560829 0.133599160549025 0.122567261161479 0.118136859704066 0.0883048130233257 0.0592716530660085 0.0452580677668295 0.0372698179918062 0.0347126887023334 0.0379154643046946 0.0429000919222107 0.0515934974109665 0.06797415431342 0.0926821526914185 0.111943148714977 0.130590747930239 0.155064607494806 0.177965559658561 0.198816020069864 0.213844301914812 0.226984932020491 0.24053841431869 0.250730219743491 0.255623581047314 0.240369092311394 0.217467030972578 0.224130686280445 0.228513633903941 -9999 -9999 -9999 -9999 -9999 -9999 -9999 -9999 -9999 -9999 -9999 -9999 -9999 -9999 -9999
0.365601976676082 0.359006833644223 0.355086002297664 0.349176805640186 0.339503618292751 0.326067270335399 0.310724010672826 0.291819478489174 0.272677722284667 0.253136721521066 0.231727009030421 0.209161077452841 0.185587278867887 0.162160860357877 0.139370973220348 0.12481665604142 0.116428348484111 0.092475219352809 0.0685085362802358 0.0518284486150851 0.0444588385698263 0.0454815123283378 0.0451600392243771 0.0456755691061271 0.051806814927117 0.0638429027301133 0.0822755076882118 0.105085812801692 0.128344997972883 0.146585828586108 0.163924865273098 0.180088294923588 0.193030246500494 0.204882217951336 0.21635925523432 0.23115410141947 0.251178250043323 0.240369092311394 0.217467030972578 0.224130686280445 -9999 -9999 -9999 -9999 -9999 -9999 -9999 -9999 -9999 -9999 -9999 -9999 -9999 -9999 -9999 -9999
0.369177238656663 0.360428950693737 0.357271917928197 0.352406527503734 0.344307203008915 0.330223497779872 0.313107318826345 0.296977176334812 0.279757614054239 0.259950052403792 0.240477457927665 0.221212116092403 0.196379625710493 0.171264652784925 0.146442080894202 0.128984252528011 0.117040441972524 0.100665656916768 0.0823663121188026 0.0588237087191275 0.0497842171731546 0.0538175491366922 0.0522027915198096 0.0506853199214407 0.0550734486410429 0.0638345407446849 0.0773327173274513 0.0988229411147406 0.121546589077239 0.138260926771092 0.152425372848548 0.163265699701714 0.174052905011838 0.184785872017348 0.195031973776988 0.199649483786394 0.195395594196277 -9999 0.217305547327741 -9999 -9999 -9999 -9999 -9999 -9999 -9999 -9999 -9999 -9999 -9999 -9999 -9999 -9999 -9999 -9999 -9999
0.372963702820321 0.364242432166911 0.359557473328043 0.355395404152275 0.352223169094498 0.336830995885456 0.315246596111246 0.300331227731825 0.2846906927455 0.267065848118746 0.249704111336972 0.232505166016228 0.206915244905505 0.180870216704265 0.155179650256777 0.135612113606168 0.120628917909593 0.114012142973692 0.102150794756945 0.0663639143518772 0.0527193087775592 0.059033319938834 0.0589866883046961 0.0585607258817294 0.0622562326189445 0.0691141522743604 0.07939780771482 0.0933225228017904 0.108908989168244 0.130133386048741 0.14418519851798 0.148886603473424 0.157431312898262 0.167262872108868 0.177362479655957 0.185988952155052 0.192293570404497 -9999 -9999 -9999 -9999 -9999 -9999 -9999 -9999 -9999 -9999 -9999 -9999 -9999 -9999 -9999 -9999 -9999 -9999 -9999
0.376592716939184 0.368856946809429 0.363591786846911 0.357967626736961 0.351663876611429 0.33956737210439 0.324535496965958 0.307314349938168 0.290349098119042 0.2740769257119 0.257042498525457 0.239536445077896 0.217664666465474 0.194574198395135 0.168781625325279 0.146241769936148 0.126137239438502 0.119142246027098 0.108315102595077 0.0767073553684502 0.0610899923176105 0.0598860511784262 0.0611184417305316 0.0631675274555041 0.0671113008866001 0.074270443557214 0.0849126878185626 0.0965082950668618 0.108890056519237 0.12542143006404 0.137689461571436 0.144399665783296 0.151301510237763 0.158302876006003 0.165786226459317 0.170135575562256 0.169545327060965 -9999 -9999 -9999 -9999 -9999 -9999 -9999 -9999 -9999 -9999 -9999 -9999 -9999 -9999 -9999 -9999 -9999 -9999 -9999
0.379760138513406 0.373621208566838 0.368072610809545 0.360468787035244 0.348974404744718 0.34123115633002 0.335388725296545 0.315450425367149 0.296668573832339 0.281201743145459 0.263861004613665 0.245360832025728 0.22836050325643 0.209298153469171 0.183871522146384 0.1582444367598 0.132467270481151 0.121932229500372 0.110516124798548 0.0885571982666695 0.0717936575823236 0.0597131368549164 0.0616292861230706 0.0661152350636174 0.0705079043328385 0.078379785971834 0.090020581610107 0.101141998734216 0.111967929639837 0.121544544072165 0.131726557262424 0.142697787389065 0.148243515897432 0.152062710068071 0.156697513291194 0.159533183359243 -9999 -9999 -9999 -9999 -9999 -9999 -9999 -9999 -9999 -9999 -9999 -9999 -9999 -9999 -9999 -9999 -9999 -9999 -9999 -9999
0.377798374541436 0.377029409854126 0.371086167565365 0.363760548432142 0.353818079395132 0.345091930458389 0.336982129128597 0.323367595765035 0.308321002545406 0.29016836015829 0.271792500207191 0.253278529918215 0.23752633033381 0.220252833985876 0.197950124046753 0.171274783238603 0.141325633313931 0.128591659743775 0.118081380528193 0.107926744827492 0.0897369090878999 0.0643043000020325 0.0606362341830141 0.0615108215371896 0.0650684222598652 0.0699140141847055 0.0761548437544095 0.0888749060606695 0.102896138746885 0.114339510944079 0.125391564302942 0.135933482068217 0.141288616985512 0.145298158181713 0.15412979949847 -9999 -9999 -9999 -9999 -9999 -9999 -9999 -9999 -9999 -9999 -9999 -9999 -9999 -9999 -9999 -9999 -9999 -9999 -9999 -9999 -9999
0.377553979767307 0.382720055743039 0.375548968129267 0.36739062769108 0.357363410130906 0.348457334228822 0.340119376026895 0.32933748076447 0.316574652804448 0.29929032248661 0.280484040793557 0.260736089390859 0.244236006300298 0.227662974348694 0.210220438823433 0.185954189114227 0.156578992783852 0.138616073081531 0.124612923218546 0.120315468086938 0.104117324568421 0.0771921315385224 0.0654747833796248 0.0584236776533294 0.0609663303895676 0.0636111025660399 0.0663664973050326 0.0780270986357632 0.0918905486796896 0.105367476226464 0.118132675861989 0.129970044519508 0.135958216833021 0.139702612552683 0.139257513032535 -9999 -9999 -9999 -9999 -9999 -9999 -9999 -9999 -9999 -9999 -9999 -9999 -9999 -9999 -9999 -9999 -9999 -9999 -9999 -9999 -9999
0.379971240319194 0.391948136004184 0.382257871339778 0.37154504705145 0.358896509600538 0.351054990939852 0.345649339718399 0.332289376062806 0.31956072473177 0.308653045908622 0.290353532985057 0.267480505832048 0.247139029804389 0.229579628400745 0.219688189620402 0.20318938074168 0.181743603067233 0.153855687196325 0.129542371367979 0.121885000258378 0.112975897981587 0.102938509527657 0.0793514079325044 0.0576880658862804 0.0589369854629041 0.0606602880352101 0.0628974737866457 0.0693789627467921 0.077887870462754 0.093656863690079 0.109441893025799 0.125247827538764 0.133145537261857 0.138104101390069 0.138650744213399 -9999 -9999 -9999 -9999 -9999 -9999 -9999 -9999 -9999 -9999 -9999 -9999 -9999 -9999 -9999 -9999 -9999 -9999 -9999 -9999 -9999
0.374505744564101 0.383396198411759 0.375573538265116 0.367982885104356 0.360831422936352 0.351061130767438 0.339963795163397 0.331558961506744 0.322467777384708 0.311655990766982 0.297008003672246 0.279986462567737 0.264712402571761 0.248766700464244 0.230494108136898 0.212583182110403 0.194943037329416 0.168714837784871 0.144017979421289 0.129204260701511 0.119056107632228 0.113113404878452 0.0918543099121199 0.07034591353651 0.0621977036985434 0.058451113177473 0.0594726491459093 0.0620208225109117 0.0666011383267399 0.0837150574263015 0.101141058694206 0.118973900130798 0.129738704080561 0.137582356226535 -9999 -9999 -9999 -9999 -9999 -9999 -9999 -9999 -9999 -9999 -9999 -9999 -9999 -9999 -9999 -9999 -9999 -9999 -9999 -9999 -9999 -9999
0.364613576675332 0.367451128598034 0.363546387060104 0.36145169549137 0.362783442311491 0.350035328505774 0.330152506985341 0.329404261765941 0.325213052954336 0.312145839329466 0.302294367874392 0.294432557222303 0.271680948403661 0.250010159920264 0.234519772740472 0.218930360947962 0.203266808966265 0.183281573480322 0.162214427871927 0.1390628718997 0.12429742831469 0.117091063655285 0.103729869664397 0.0883030372957342 0.0680770568237231 0.0571755306504434 0.0563748728942274 0.0556038134603216 0.0570110620471931 0.0749501633507094 0.0933291833642963 0.112281695298821 0.116979559564376 -9999 -9999 -9999 -9999 -9999 -9999 -9999 -9999 -9999 -9999 -9999 -9999 -9999 -9999 -9999 -9999 -9999 -9999 -9999 -9999 -9999 -9999 -9999
0.313070114608815 0.346749448739469 0.355722657372167 0.361102839575453 0.359681395359891 0.349887002661489 0.335849773920674 0.329942244613414 0.323500191900838 0.315455652949835 0.305644620489348 0.294740613931757 0.282317675264402 0.268183341449327 0.249324319692564 0.230542047831337 0.211817238974698 0.193127330559038 0.174410085694913 0.155572238602012 0.139684421823867 0.126455705109317 0.113306016799121 0.100555034422735 0.0897910843927437 0.0776160112987779 0.0639123159463037 0.0634615932751958 0.0676733484731748 0.0818507671967933 0.0968694808174086 0.112984933029744 -9999 -9999 -9999 -9999 -9999 -9999 -9999 -9999 -9999 -9999 -9999 -9999 -9999 -9999 -9999 -9999 -9999 -9999 -9999 -9999 -9999 -9999 -9999 -9999
0.272195934080741 0.315064832954179 0.339561733966202 0.354319457801446 0.350640845003829 0.346108749395769 0.34114416723448 0.332011344444403 0.323866381896695 0.318210618745077 0.307979559218936 0.29491764840629 0.289255681359681 0.280860282679466 0.262936862385147 0.243535147357747 0.223026626171988 0.204805493867367 0.187554700611134 0.172922342029255 0.157182312426193 0.140443849665295 0.125788734712336 0.112951471077509 0.107525790892275 0.0967302379568056 0.0801176820816717 0.0773690509619947 0.079072564164024 0.0879625065902072 0.0929933499650645 -9999 -9999 -9999 -9999 -9999 -9999 -9999 -9999 -9999 -9999 -9999 -9999 -9999 -9999 -9999 -9999 -9999 -9999 -9999 -9999 -9999 -9999 -9999 -9999 -9999
0.251465164914217 0.26264463197204 0.307660338996333 0.335387807110832 0.330388507188878 0.335477258543334 0.345677942407701 0.33697116556065 0.328157782824321 0.319918041840813 0.308397603621541 0.294847315261365 0.289210569273876 0.283160421227604 0.27429892250704 0.259136329071175 0.239256076646728 0.219943207130543 0.202490929426063 0.191859741249191 0.178665538717334 0.163161084795772 0.14375900590003 0.125620606958966 0.117747610891098 0.113340520970607 0.11268793086522 0.102698191499692 0.0918630890328253 0.0925848841065933 -9999 -9999 -9999 -9999 -9999 -9999 -9999 -9999 -9999 -9999 -9999 -9999 -9999 -9999 -9999 -9999 -9999 -9999 -9999 -9999 -9999 -9999 -9999 -9999 -9999 -9999
0.243894245179474 0.245942988013758 0.274392650551481 0.295826258223312 0.303978420553885 0.317577622703361 0.333937011054323 0.326874294570215 0.321343100647012 0.320408972754885 0.312777678773496 0.301002679185341 0.294408260968507 0.287620366368532 0.279218846355865 0.264373804786735 0.244704468589063 0.225025091763471 0.2090555438302 0.207224648670609 0.198288817925523 0.182948736155377 0.164673877411557 0.147238652229965 0.136954165137596 0.131945095424119 0.132650708316412 0.11552175461316 0.0963914987742494 -9999 -9999 -9999 -9999 -9999 -9999 -9999 -9999 -9999 -9999 -9999 -9999 -9999 -9999 -9999 -9999 -9999 -9999 -9999 -9999 -9999 -9999 -9999 -9999 -9999 -9999 -9999
0.242973879969682 0.247292326498029 0.240434482378911 0.245839038167295 0.274456410451154 0.296004905739972 0.313971378978205 0.309168267233427 0.308915769812065 0.320285128581652 0.319160033789266 0.310304305384367 0.298617899138253 0.287620366368532 0.279218846355865 0.264373804786735 0.244704468589063 0.225025091763471 0.211389420003673 0.220784136385733 0.21697214112944 0.201255872353729 0.187076852955683 0.173379181602511 0.160701308189164 0.151557519095601 0.146242084943284 0.122025410727922 -9999 -9999 -9999 -9999 -9999 -9999 -9999 -9999 -9999 -9999 -9999 -9999 -9999 -9999 -9999 -9999 -9999 -9999 -9999 -9999 -9999 -9999 -9999 -9999 -9999 -9999 -9999 -9999
0.240307617761573 0.244917007688026 0.240532992691818 0.240332888526878 0.248052959457538 0.267217466951207 0.292181229991968 0.301380630671917 0.308489447791647 0.311400189850035 0.31339321940974 0.314818437095658 0.30568822124684 0.296400218514256 0.288777261837122 0.285513507055601 -9999 -9999 -9999 -9999 0.217302517070626 0.201579596205526 0.187473003257745 0.173841422816255 0.161121227314391 0.151904324257546 0.146482420337373 -9999 -9999 -9999 -9999 -9999 -9999 -9999 -9999 -9999 -9999 -9999 -9999 -9999 -9999 -9999 -9999 -9999 -9999 -9999 -9999 -9999 -9999 -9999 -9999 -9999 -9999 -9999 -9999 -9999
0.237486968810775 0.241921768176837 0.240109605371266 0.236738547945849 0.230416491122333 0.243767320722505 0.267087019920734 0.287026262598805 0.300266186059031 0.298002293029411 0.303566317488554 0.31397367197045 0.309767592125725 0.303202151815247 0.292648175919901 0.290416791243748 0.294416569412709 -9999 -9999 -9999 -9999 -9999 -9999 -9999 -9999 -9999 -9999 -9999 -9999 -9999 -9999 -9999 -9999 -9999 -9999 -9999 -9999 -9999 -9999 -9999 -9999 -9999 -9999 -9999 -9999 -9999 -9999 -9999 -9999 -9999 -9999 -9999 -9999 -9999 -9999 -9999
0.234379886764643 0.237638606263828 0.237042314521747 0.235732514741924 0.233072038807916 0.233053003797123 0.234372469886137 0.256958696632696 0.273376609091653 0.274458795612848 0.28479085821392 0.300846052489377 0.306759546392235 0.308568308944167 0.300355727386059 0.296165498985069 0.294986825144725 -9999 -9999 -9999 -9999 -9999 -9999 -9999 -9999 -9999 -9999 -9999 -9999 -9999 -9999 -9999 -9999 -9999 -9999 -9999 -9999 -9999 -9999 -9999 -9999 -9999 -9999 -9999 -9999 -9999 -9999 -9999 -9999 -9999 -9999 -9999 -9999 -9999 -9999 -9999
