layers/veg/veg_5700.asc
NCOLS 255 
NROWS 330 
XLLCORNER -2985163.8955 
YLLCORNER -3022031.214 
CELLSIZE 25000 
NODATA_value -9999 
[rows 250 to 274 of 330, columns 57 to 113 of 255]
-9999 -9999 -9999 -9999 -9999 -9999 -9999 -9999 -9999 -9999 -9999 -9999 -9999 -9999 -9999 -9999 0.58811792049633 0.570968908166128 0.557861554153 0.547081307327584 0.558166125320269 0.557396563565695 0.5345206434652 0.505787466184698 0.474131216997835 0.461620854938063 0.455555617401873 0.463641272707756 0.455709971708722 0.438010500142698 0.431852393858173 0.427120842199204 0.424351107758757 0.418554800198857 0.410523767353083 0.408892898329143 0.398003574588461 0.349703496222422 0.307380964485737 0.27037346818037 0.242328677172663 0.217508779841575 0.200815574546828 0.187175930035879 0.176799360378923 0.177663427284773 -9999 0.159716850140861 0.157583508266507 0.152707270086297 0.159785069229623 0.1690921100858 0.157756024312467 0.15085891452336 -9999 -9999 -9999
-9999 -9999 -9999 -9999 -9999 -9999 -9999 -9999 -9999 -9999 -9999 -9999 -9999 -9999 -9999 0.594891429333527 0.593040528170196 0.588354459599995 0.578519819319123 0.567275489262834 0.576721422121696 0.576263496527126 0.557336595866233 0.513423319681742 0.457040559899344 0.458207895783815 0.464513752314082 0.480633051460345 0.490452514341576 0.496429931704954 0.493545134378822 0.491704460029203 0.494535570923888 0.49683006375561 0.498728334884824 0.500836990294051 0.499904030638316 0.487524554012021 0.43387000981542 0.343515049851428 0.296711523008489 0.260252070384048 0.236403332169399 0.213802134497083 0.192534074908876 0.184768576267682 -9999 -9999 0.157583508266507 0.152707270086297 0.159785069229623 0.1690921100858 0.157756024312467 -9999 -9999 -9999 -9999
-9999 -9999 -9999 -9999 -9999 -9999 -9999 -9999 -9999 -9999 -9999 -9999 -9999 -9999 -9999 0.594891429333527 0.597878815683994 0.605442211051237 0.60033893937579 0.590725633052057 0.599485012040751 0.601851681818126 0.592297059748971 0.553855633662197 0.50099821000293 0.499442840580695 0.502739153040128 0.515406539836322 0.522525894886416 0.52626170318922 0.524409818670434 0.523631278159097 0.526996755646636 0.531950255511556 0.538076300569075 0.538315523857988 0.5382634767746 0.539749320816238 0.485593633249003 0.381963348444541 0.332384616465781 0.293827093371995 0.261752488841753 0.234315539361485 0.211834448515298 0.208734765375447 -9999 -9999 -9999 -9999 -9999 -9999 -9999 -9999 -9999 -9999 -9999
-9999 -9999 -9999 -9999 -9999 -9999 -9999 -9999 -9999 -9999 -9999 -9999 -9999 -9999 -9999 -9999 0.634138876032434 0.629221964801188 0.622230734293709 0.614925788630782 0.623894772208862 0.630280699059443 0.631849673959489 0.607689312991127 0.570688693086723 0.55941634498707 0.553116053777563 0.557351787288636 0.55331652745954 0.544237083693923 0.542697901068233 0.542396501628971 0.54425979019584 0.54965972859082 0.557671016682709 0.5536553805514 0.550571449897833 0.556328105658959 0.506338654105609 0.406781620079622 0.360345902938612 0.322883271110699 0.282413571705357 0.251983226177199 0.232281065056179 0.231383640524399 -9999 -9999 -9999 -9999 -9999 -9999 -9999 -9999 -9999 -9999 -9999
-9999 -9999 -9999 -9999 -9999 -9999 -9999 -9999 -9999 -9999 -9999 -9999 -9999 -9999 -9999 -9999 0.636518433773026 0.637626031553973 0.628068278388814 0.615542945958781 0.644398387073363 0.660782029817124 0.653907935768102 0.653552200361264 0.65644946041578 0.627952867452542 0.60392842895742 0.591274834778302 0.577214144736784 0.562295317098688 0.569280560102 0.576272510307834 0.579189026696982 0.586629746355006 0.597410993746656 0.586833027969587 0.574898383138529 0.567424469050021 0.528457295546918 0.461487364388306 0.390239872014707 0.323835429657223 0.285759229163 0.257476328748448 0.239658676445921 0.235441783251949 -9999 -9999 -9999 -9999 -9999 -9999 -9999 -9999 -9999 -9999 -9999
-9999 -9999 -9999 -9999 -9999 -9999 -9999 -9999 -9999 -9999 -9999 -9999 -9999 -9999 -9999 -9999 0.637924311268801 0.637416118877874 0.632754398795832 0.660654252665145 0.669379973691635 0.678775523030161 0.689420185777553 0.699332237772226 0.708878679406322 0.674241453905843 0.64314422442061 0.621719238664681 0.605834993795551 0.59332984923858 0.606137640819596 0.619188602012237 0.628209687956676 0.633594200574841 0.636293583164617 0.61893368952471 0.599185803341656 0.579469646294605 0.548265299591918 0.506846037164181 0.417097092067197 0.328952065925516 0.292833892425793 0.26582476076595 0.248549669944399 0.233684925357811 0.220161522858386 0.212122941822671 0.214409280106817 0.229970651052709 -9999 -9999 -9999 -9999 -9999 -9999 -9999
-9999 -9999 -9999 -9999 -9999 -9999 -9999 -9999 -9999 -9999 -9999 -9999 -9999 -9999 -9999 0.638125036860727 0.632902215131451 0.619679196399719 0.620434165018134 0.660110624146531 0.651319182270496 0.672796206355615 0.750718659841902 0.744953483040789 0.697423884175708 0.677889133127402 0.660133747764296 0.645496393998256 0.643508497811602 0.649235054787153 0.662686915080009 0.679431125321283 0.704238298878022 0.699714222192285 0.673532883647636 0.648970175137773 0.623397491945752 0.59333334205192 0.563644682716388 0.534289897082767 0.438134008909054 0.342050436234465 0.30705565421121 0.279645783048324 0.260341246493344 0.23964698123338 0.220161522858386 0.212122941822671 0.214409280106817 0.229970651052709 0.233775021391774 -9999 -9999 -9999 -9999 -9999 -9999
-9999 -9999 -9999 -9999 -9999 -9999 -9999 -9999 -9999 -9999 -9999 -9999 -9999 -9999 0.581731414405174 0.588982519547787 0.586007859817459 0.567369610992036 0.556636063957297 0.646840349524452 0.64540420399424 0.672441468816415 0.752576696248219 0.748495105315649 0.702385000312657 0.682778046187659 0.665728334884405 0.65363662754291 0.662962175377677 0.685349343513817 0.696324202200786 0.709125437230031 0.729334051721242 0.711918319831333 0.666721967779987 0.643736876149622 0.62127173134202 0.590842843222577 0.561816753549627 0.534037985546992 0.445501963977569 0.356072388959927 0.317363461783831 0.289812872806728 0.274186229468006 0.247277274842337 0.220161522858386 0.212122941822671 0.218663302411689 0.243948209107689 0.252131679162816 -9999 -9999 -9999 -9999 -9999 -9999
-9999 -9999 -9999 -9999 -9999 -9999 -9999 -9999 -9999 -9999 -9999 -9999 -9999 -9999 0.578633142388092 0.545621991422162 0.517628338043218 0.497320370915103 0.516005408558655 0.647087824231201 0.65362597475784 0.67497277137555 0.723935119720697 0.730445160228683 0.715769320624975 0.688303851456861 0.665476041363691 0.65375336595816 0.673067037956168 0.711308671636951 0.718205069503051 0.723145089593194 0.728295534390778 0.696457499830108 0.6373083490844 0.620406220866996 0.605631904588158 0.57996080785026 0.551159542749149 0.519575036163184 0.44585620818324 0.370568243078549 0.325662971752424 0.298105085258396 0.289084840303561 0.255763561562291 0.220161522858386 0.212122941822671 0.225100115402876 0.265097822538333 0.265762323827456 -9999 -9999 -9999 -9999 -9999 -9999
-9999 -9999 -9999 -9999 -9999 -9999 -9999 -9999 -9999 -9999 -9999 -9999 -9999 -9999 0.594446970386534 0.601243672325099 0.603338908711941 0.59823254937837 0.590390222214522 0.682959290111946 0.685369733890558 0.694063477933124 0.714474485146891 0.719579672169024 0.717046469475455 0.699325858822592 0.684437048696073 0.676585396131218 0.689052113557016 0.713910280390154 0.716366135696069 0.715542263216833 0.709435632497831 0.696499117337057 0.678519632831343 0.667381090821064 0.655345844518128 0.636913180139112 0.62379786719887 0.615410566108685 0.520512884977686 0.424153839800691 0.399060289867364 0.370135948088293 0.337117972211922 0.326959836807248 0.323002187761508 -9999 -9999 -9999 -9999 -9999 -9999 -9999 -9999 -9999 -9999
-9999 -9999 -9999 -9999 -9999 -9999 -9999 -9999 -9999 -9999 -9999 -9999 -9999 -9999 0.738189805628889 0.708636900592794 0.686691025945141 0.676397423740575 0.673443229806253 0.738440458644564 0.726437168106114 0.717523675380038 0.714372118673648 0.715381566821752 0.718467569920171 0.707155997732229 0.698546691931515 0.696649341528571 0.705212973565129 0.720156385805992 0.720668016690279 0.71665939704819 0.702295794085984 0.700193040389827 0.707143307651602 0.699740079042173 0.690128281042094 0.678673585731207 0.676511447492895 0.682611941593703 0.593311043850183 0.498797629182719 0.464702146795629 0.42397299627879 0.376155021534581 0.345857718067419 0.323002187761508 -9999 -9999 -9999 -9999 -9999 -9999 -9999 -9999 -9999 -9999
-9999 -9999 -9999 -9999 -9999 -9999 -9999 -9999 -9999 -9999 -9999 -9999 -9999 -9999 0.74236992737703 0.767137989467336 0.756601741771963 0.691987172440995 -9999 0.739125167739179 0.749185033088498 0.75048483927947 0.735448657336553 0.72660305535506 0.720846870452793 0.707148683226377 0.700190328104082 0.709001155459989 0.721490180658032 0.736222407574125 0.740718654641883 0.739524822265164 0.723813577668857 0.711743792131286 0.702362744091489 0.693908899383176 0.686225774398724 0.681005871359285 0.677803003633488 0.676393616548322 0.657920039201677 0.621306307824957 0.508662381244022 0.431483488757606 0.392202993959526 0.355146436654958 -9999 -9999 -9999 -9999 -9999 -9999 -9999 -9999 -9999 -9999 -9999
-9999 -9999 -9999 -9999 -9999 -9999 -9999 -9999 -9999 -9999 -9999 -9999 -9999 -9999 -9999 0.817301853994019 0.817301853994019 -9999 -9999 0.780909286941717 0.779160964192643 0.77197816683672 0.754661018663447 0.742197306928587 0.732155709037536 0.716037465974889 0.709292718375333 0.724306557265264 0.733429490449919 0.738959770284726 0.74542055164635 0.745730739487502 0.728106222105606 0.706251050620836 0.681272098765882 0.678854679059898 0.677055452618366 0.667502990827569 0.662439982208794 0.661368845867413 0.663324870603995 0.644577863047672 0.518603885982199 0.44108270567781 0.415338815531094 0.413553065030785 -9999 -9999 -9999 -9999 -9999 -9999 -9999 -9999 -9999 -9999 -9999
-9999 -9999 -9999 -9999 -9999 -9999 -9999 -9999 -9999 -9999 -9999 -9999 -9999 -9999 -9999 -9999 -9999 -9999 -9999 0.781149348538938 0.787136451657276 0.786291572418995 0.772706233248733 0.760529310987153 0.749055261037936 0.730496025119074 0.723064975817787 0.741461177166069 0.742652876921362 0.733352164580308 0.740512722881608 0.741506270020157 0.72161434264552 0.690087512276673 0.649969839759415 0.658025985648094 0.664586993287593 0.644085837533702 0.636649660997386 0.64083042896299 0.631662441446871 0.605717837219452 0.507246532093603 0.451989656513018 0.44291228360586 0.429720483508676 -9999 -9999 -9999 -9999 -9999 -9999 -9999 -9999 -9999 -9999 -9999
-9999 -9999 -9999 -9999 -9999 -9999 -9999 -9999 -9999 -9999 -9999 -9999 -9999 -9999 -9999 -9999 -9999 -9999 -9999 0.759218632419804 0.776673173191008 0.78541773756878 0.777919709466565 0.778649927370166 0.783486462274892 0.765781551372613 0.755037218640752 0.761076585202677 0.754804066785498 0.741022968698901 0.747786007349261 0.747448685823014 0.722767444261115 0.70413107208105 0.689958039104839 0.677592185997618 0.664698071892819 0.649026389564245 0.642771566251476 0.644889900426925 0.639960673950355 0.61869345316821 0.521385040916782 0.465385658604523 0.453529644111442 0.450799784499845 -9999 -9999 -9999 -9999 -9999 -9999 -9999 -9999 -9999 -9999 -9999
-9999 -9999 -9999 -9999 -9999 -9999 -9999 -9999 -9999 -9999 -9999 -9999 -9999 -9999 -9999 -9999 -9999 -9999 0.737479818323433 0.750464450339907 0.776001673111718 0.792723606169463 0.793006555704068 0.804584282228858 0.8217986820794 0.805013696711255 0.790524149388103 0.782492167245852 0.767025648845838 0.747025071860047 0.755956818982133 0.756182890155959 0.725861344117871 0.718030826197397 0.726806967774645 0.69594349301568 0.665505280210476 0.654330398733309 0.648669497140737 0.647911442865205 0.648596824207649 0.633107500221942 0.534682475415256 0.476295191120474 0.460692758192773 0.45759478515967 -9999 -9999 -9999 -9999 -9999 -9999 -9999 -9999 -9999 -9999 -9999
-9999 -9999 -9999 -9999 -9999 -9999 -9999 -9999 -9999 -9999 -9999 -9999 -9999 -9999 -9999 -9999 -9999 -9999 0.722272907261491 0.715819192733767 0.780913815967728 0.827688974405535 0.840301514290236 0.853877420654564 0.867934096328756 0.85155869396379 0.832598069620494 0.808751584189323 0.778829930629201 0.745203248636897 0.764195552954629 0.771068415811004 0.733107861051083 0.725029185631834 0.739014339076591 0.70201476111227 0.665694142063608 0.654642770307811 0.647061488202614 0.64256569427282 0.64967902705522 0.640706756368979 0.540007560557395 0.479252642288739 0.461182699640312 -9999 -9999 -9999 -9999 -9999 -9999 -9999 -9999 -9999 -9999 -9999 -9999
-9999 -9999 -9999 -9999 -9999 -9999 -9999 -9999 -9999 -9999 -9999 -9999 -9999 -9999 -9999 -9999 -9999 -9999 0.748984436398324 0.739748196425514 0.794408529657148 0.838718189449796 0.863725641869109 0.882564489390707 0.898324886517553 0.879325345358327 0.855248252493402 0.820706316688638 0.78636342096175 0.752141912681599 0.773203790341372 0.780061655387927 0.735568503570979 0.718947815606507 0.722907268049144 0.6995126046126 0.675555245283312 0.661695367164702 0.65220795339465 0.646608389335489 0.62778798513175 0.598261920259695 0.526729179595108 0.489776488212469 -9999 -9999 -9999 -9999 -9999 -9999 -9999 -9999 -9999 -9999 -9999 -9999 -9999
-9999 -9999 -9999 -9999 -9999 -9999 -9999 -9999 -9999 -9999 -9999 -9999 -9999 -9999 -9999 0.823935989361025 0.823935989361025 -9999 0.778567634030962 0.808035797655184 0.81440286958178 0.831620429223435 0.869072263012801 0.895646472685835 0.916792189723964 0.892871056225649 0.863188736445315 0.821828036084498 0.790662618365334 0.765714940017277 0.782794776729134 0.784592635588014 0.734404778113142 0.702961097359034 0.685357520255996 0.69051774837143 0.692741187989895 0.673852372237616 0.662469617530405 0.657761002378754 0.588499183571908 0.51791842869389 0.499362295466901 -9999 -9999 -9999 -9999 -9999 -9999 -9999 -9999 -9999 -9999 -9999 -9999 -9999 -9999
-9999 -9999 -9999 -9999 -9999 -9999 -9999 -9999 -9999 -9999 -9999 -9999 -9999 -9999 -9999 -9999 0.817614519232789 0.801609968005395 0.804944618808659 0.816241995684524 0.833112023252701 0.850846767804613 0.870194059273176 0.881064571700151 0.887704736387322 0.872496515430995 0.849814613499194 0.810711265672431 0.778181552269044 0.749660864118031 0.745566800939803 0.7342647784013 0.697582325075828 0.669277698893814 0.647158993692142 0.641999700123569 0.637159083599081 0.625945391860974 0.632516168548676 0.654900302399694 0.584062705820631 -9999 -9999 -9999 -9999 -9999 -9999 -9999 -9999 -9999 -9999 -9999 -9999 -9999 -9999 -9999 -9999
-9999 -9999 -9999 -9999 -9999 -9999 -9999 -9999 -9999 -9999 -9999 -9999 -9999 -9999 -9999 -9999 0.822161066988919 0.808417458320139 0.825431179073241 0.854065371848134 0.858979790415316 0.861963627248495 0.861347264616338 0.859428603280744 0.856860028062812 0.846776147998535 0.828997396518141 0.793790912194039 0.760339307365575 0.727957940971403 0.708141268931532 0.68798422864798 0.664495448909171 0.638954938679643 0.611899495941816 0.596639685004452 0.584823301084259 0.580599469795085 0.577270799025578 0.574738075184428 -9999 -9999 -9999 -9999 -9999 -9999 -9999 -9999 -9999 -9999 -9999 -9999 -9999 -9999 -9999 -9999 -9999
-9999 -9999 -9999 -9999 -9999 -9999 -9999 -9999 -9999 -9999 -9999 -9999 -9999 -9999 -9999 -9999 0.830697983825591 0.838567942897367 0.846373990260458 0.853528914890651 0.8411572574102 0.828665948921352 0.815951512093069 0.82410195646175 0.842665047258966 0.81707179398201 0.78984957528342 0.76041638647528 0.729997993850983 0.698978760546579 0.69304707491663 0.68445221302508 0.663477103953676 0.630386511765347 0.58835023235805 0.583016373333754 0.580966902649457 0.574809968684946 0.572679804605916 0.574130110231632 -9999 -9999 -9999 -9999 -9999 -9999 -9999 -9999 -9999 -9999 -9999 -9999 -9999 -9999 -9999 -9999 -9999
-9999 -9999 -9999 -9999 -9999 -9999 -9999 -9999 -9999 -9999 -9999 -9999 -9999 -9999 -9999 -9999 -9999 0.858162251692587 0.857912763330728 0.857468600525402 0.854081620211133 0.842421062613975 0.81533172104687 0.81309142504236 0.823252077937931 0.793470593183577 0.764932952998303 0.740641909462836 0.712718454592722 0.682579721562961 0.673288130462345 0.662566016552219 0.643815837989336 0.616432060756031 0.582673508985521 0.572546165872732 0.564862843857989 0.555764124386782 0.548185934734798 0.541959749569716 -9999 -9999 -9999 -9999 -9999 -9999 -9999 -9999 -9999 -9999 -9999 -9999 -9999 -9999 -9999 -9999 -9999
-9999 -9999 -9999 -9999 -9999 -9999 -9999 -9999 -9999 -9999 -9999 -9999 -9999 -9999 -9999 -9999 -9999 -9999 0.860879257762988 0.865488527121208 0.895033406425877 0.899067287430751 0.855527589538943 0.824246320220268 0.799082635818398 0.775432739673334 0.752988822022969 0.733264596897327 0.707345414121432 0.677648147555399 0.649277019008533 0.62394901247717 0.607160562480713 0.597567963622427 0.593288552272643 0.564950179839132 0.537594394202148 0.524634421419007 0.525607646564598 0.53896980738141 -9999 -9999 -9999 -9999 -9999 -9999 -9999 -9999 -9999 -9999 -9999 -9999 -9999 -9999 -9999 -9999 -9999
-9999 -9999 -9999 -9999 -9999 -9999 -9999 -9999 -9999 -9999 -9999 -9999 -9999 -9999 -9999 0.848896418692298 0.848896418692298 -9999 0.865779019864767 0.866528385157756 0.890674564610439 0.894042717909604 0.858663462937424 0.814060477041327 0.764854376085239 0.731372058068984 0.70522189086381 0.695380545335795 0.67629221011527 0.651564465582008 0.620406533227669 0.593132040503551 0.578273633586044 0.569012514220726 0.563884253878301 0.543041655706851 0.523218859749188 0.514209755476138 0.509969694702681 0.509970108616511 -9999 -9999 -9999 -9999 -9999 -9999 -9999 -9999 -9999 -9999 -9999 -9999 -9999 -9999 -9999 -9999 -9999
