layers/veg/veg_5700.asc
NCOLS 255 
NROWS 330 
XLLCORNER -2985163.8955 
YLLCORNER -3022031.214 
CELLSIZE 25000 
NODATA_value -9999 
[rows 75 to 99 of 330, columns 0 to 56 of 255]
-9999 -9999 -9999 -9999 -9999 -9999 -9999 -9999 -9999 -9999 -9999 -9999 -9999 -9999 -9999 -9999 -9999 -9999 -9999 -9999 -9999 -9999 -9999 -9999 0.677472239170857 0.655714998316866 0.633957757462876 0.640299741085346 0.652084144775435 0.645868083935809 0.634629347802139 0.616561609609542 0.469490600790433 0.288768407995148 0.284709342142661 0.295987273807372 0.332515563226 0.435047170617704 0.565325142728929 0.618037088462507 0.656705317135698 0.667111561913988 0.678342688935278 0.690018012042281 0.699017495458652 0.708219956687225 0.718149755963726 0.724538587052436 0.728606507120041 0.734170705273214 0.739589625741422 0.744148752422167 0.750277175074464 0.757647910121249 0.763109404475547 0.768133602489283 0.772462899692948
-9999 -9999 -9999 -9999 -9999 -9999 -9999 -9999 -9999 -9999 -9999 -9999 -9999 -9999 -9999 -9999 -9999 -9999 -9999 -9999 -9999 -9999 -9999 -9999 0.650006226501487 0.6371285881837 0.624250949865914 0.638386546609357 0.656578927523791 0.647529733434822 0.639333653836897 0.632297498039489 0.507437237047056 0.349104411688965 0.309122430133005 0.295244544543993 0.324343634159475 0.441840143331597 0.596480882557699 0.646096691167192 0.679970567275395 0.682164921437017 0.69000815286344 0.700893284137977 0.706800523796575 0.713096658385695 0.720774055451315 0.725383576660051 0.727982273001121 0.733143176432573 0.738922348067556 0.74597301680252 0.754714744144429 0.764795175660245 0.768956659427998 0.772247976554112 0.775399535555219
-9999 -9999 -9999 -9999 -9999 -9999 -9999 -9999 -9999 -9999 -9999 -9999 -9999 -9999 -9999 -9999 -9999 -9999 -9999 -9999 -9999 -9999 -9999 -9999 0.640437968312781 0.645603865946038 0.650769763579295 0.649977437168587 0.647558138709925 0.644957047339686 0.641839058836125 0.638018279214077 0.555047893875776 0.444779741412216 0.338421325580187 0.290387360296244 0.338376964194499 0.463238028658752 0.620122007044748 0.665986182688094 0.698089343560358 0.702499438831437 0.710168028713695 0.719591306084844 0.724234638603872 0.728790967285769 0.733524380526805 0.733436037460305 0.730187296795819 0.734153612273299 0.738939928097187 0.744392118933547 0.752188548260048 0.761840762973583 0.766343042016114 0.770062486320761 0.773553597656799
-9999 -9999 -9999 -9999 -9999 -9999 -9999 -9999 -9999 -9999 -9999 -9999 -9999 -9999 -9999 -9999 -9999 -9999 -9999 -9999 -9999 -9999 -9999 -9999 0.678238844713418 0.675915344411285 0.673591844109153 0.665905812046502 0.656882329026538 0.648767790067467 0.644033985239694 0.643896742799838 0.567053444454323 0.463458714378408 0.358996698762142 0.31546189493898 0.372235765809117 0.494825113332145 0.644642672859102 0.686027646632493 0.715065923325476 0.719257348394971 0.725610734546795 0.733128328873038 0.736565739516245 0.739621327806551 0.742060412689092 0.740218545889503 0.735570749351788 0.736866959975621 0.73922498181443 0.743353938531629 0.750107965495829 0.758940094592049 0.763484835535474 0.767389183227781 0.771150438426046
-9999 -9999 -9999 -9999 -9999 -9999 -9999 -9999 -9999 -9999 -9999 -9999 -9999 -9999 -9999 -9999 -9999 -9999 -9999 -9999 -9999 -9999 -9999 -9999 0.675124835705563 0.678673640725566 0.682222445745569 0.687236953196217 0.689057007603379 0.660529725562522 0.645842179804828 0.649971615444436 0.534709309127694 0.386231099844894 0.368706061048604 0.377819349679407 0.430789155646533 0.539103854855421 0.670258894499986 0.706258407280601 0.730619784210296 0.731560238703927 0.735177737969342 0.74023681610131 0.742540531257133 0.744393158930877 0.745347125675087 0.745419202873708 0.744913249698375 0.74170145304556 0.739843200498241 0.742991766481715 0.748582438003051 0.756106370064995 0.760321969147377 0.764108260908699 0.768053204842727
-9999 -9999 -9999 -9999 -9999 -9999 -9999 -9999 -9999 -9999 -9999 -9999 -9999 -9999 -9999 -9999 -9999 -9999 -9999 -9999 -9999 -9999 -9999 -9999 -9999 -9999 0.685313192692196 0.692285122718 0.700199572753978 -9999 0.641029430463029 0.641687320691968 0.517263612053989 0.360329645837485 0.376540934517981 0.408509860091917 0.466421671062394 0.565893958370232 0.682349772015397 0.715450514671823 0.737529068217243 0.737426248426649 0.739402907759072 0.742499359031017 0.743386834606197 0.744039916680522 0.744290143895944 0.744325113713685 0.744218994077875 0.739372083450631 0.73647917716643 0.74103735629337 0.746832473236373 0.753606795637088 0.757826094428312 0.761618847329265 0.765139982070631
-9999 -9999 -9999 -9999 -9999 -9999 -9999 -9999 -9999 -9999 -9999 -9999 -9999 -9999 -9999 -9999 -9999 -9999 -9999 -9999 -9999 -9999 -9999 -9999 -9999 -9999 -9999 -9999 -9999 -9999 0.67593035178239 0.633861311888198 0.503820267716273 0.354765922219068 0.387993041829102 0.433110290132776 0.497803078102403 0.58846647650375 0.689489146014742 0.72047943417527 0.741142577394607 0.741023074342072 0.74183553107336 0.743149844756387 0.742719385692075 0.742299495643779 0.742049894074536 0.741437811938541 0.740588143612076 0.735355491290336 0.732532192947826 0.738505294292923 0.744588363070091 0.750758486110018 0.755012915498375 0.758794811747298 0.761739385114651
-9999 -9999 -9999 -9999 -9999 -9999 -9999 -9999 -9999 -9999 -9999 -9999 -9999 -9999 -9999 -9999 -9999 -9999 -9999 -9999 -9999 -9999 -9999 -9999 -9999 -9999 -9999 -9999 -9999 0.69375897814706 0.658078560123113 0.573885818708919 0.483416092788991 0.399160765647976 0.446842903839594 0.499792988803645 0.561416058195277 0.624635824922123 0.688067948562571 0.717143915370105 0.737804912289363 0.741531379522792 0.742727911140326 0.742562081636352 0.742912429536775 0.742836571194813 0.741654320804045 0.740338006003494 0.738933819313193 0.737364941877154 0.735941968776235 0.735024750986345 0.737551123431871 0.742803568529432 0.746283000412603 0.749422711733993 0.752192506150128
-9999 -9999 -9999 -9999 -9999 -9999 -9999 -9999 -9999 -9999 -9999 -9999 -9999 -9999 -9999 -9999 -9999 -9999 -9999 -9999 -9999 -9999 -9999 -9999 -9999 -9999 -9999 -9999 0.764140769338621 0.718166338229152 0.650950084480737 0.554852718168921 0.477571484236259 0.415646464444516 0.492077309808311 0.557041941458455 0.603128953937839 0.646563508591345 0.688598362164774 0.713600721204714 0.731460065393968 0.734944599139304 0.738006980430181 0.740842034160748 0.741052487221787 0.740638521660756 0.738882472503849 0.737029947079162 0.735114186736427 0.735638213637109 0.735426986285324 0.732236688242665 0.732318311965654 0.734990109267718 0.737625282926657 0.740273504239366 0.742997338915137
-9999 -9999 -9999 -9999 -9999 -9999 -9999 -9999 -9999 -9999 -9999 -9999 -9999 -9999 -9999 -9999 -9999 -9999 -9999 -9999 -9999 -9999 -9999 -9999 -9999 -9999 -9999 -9999 0.763812755899293 0.714737047494796 0.659947040220118 0.597387675687557 0.493621156160843 0.390163149553174 0.51683716277617 0.600104683074151 0.61190909763905 0.64707496361334 0.692063555464935 0.709745230473062 0.720593100197376 0.717688421786354 0.724844905430518 0.737419288223996 0.736105320078808 0.734327465309532 0.732537246353436 0.730401177285531 0.728038422380991 0.728293121151567 0.729010058829961 0.730489958961751 0.729798950576364 0.727389371183927 0.729076134230445 0.731459476460583 0.734331066226551
-9999 -9999 -9999 -9999 -9999 -9999 -9999 -9999 -9999 -9999 -9999 -9999 -9999 -9999 -9999 -9999 -9999 -9999 -9999 -9999 -9999 -9999 -9999 -9999 -9999 -9999 -9999 0.726581146419716 0.718819723482566 0.673751447933573 0.631856805789819 0.594277144764665 0.509332655499514 0.419846715411925 0.517970991140888 0.581733474683504 0.588923767691559 0.633840202962349 0.694672168391516 0.715152498885943 0.725729023660431 0.716374842301239 0.723286174204118 0.738956425800601 0.736835631900052 0.733964218580059 0.730686643587409 0.726498608808562 0.721713817425307 0.721854853541664 0.722814612673523 0.725048267165611 0.725733361586378 0.725192558913745 0.725050488863375 0.725480573875946 0.728050858064011
-9999 -9999 -9999 -9999 -9999 -9999 -9999 -9999 -9999 -9999 -9999 -9999 -9999 -9999 -9999 -9999 -9999 -9999 -9999 -9999 -9999 -9999 -9999 -9999 0.697361841973966 0.711257324893202 0.725152807812437 0.697761905371741 0.659268581145628 0.620964468866325 0.591407595385063 0.573743768590012 0.524374343856468 0.469976714734807 0.509931672729662 0.540121183230993 0.554233163396804 0.615887606350589 0.697531929159645 0.723592407950191 0.736004824337302 0.720951483746833 0.726040691592433 0.741976588462442 0.739361132455673 0.735549419956411 0.730281937919545 0.723541090552918 0.715834532778684 0.715937093721541 0.71685125288065 0.718245865736242 0.721022203278137 0.724892364888072 0.722736042480915 0.72070947501699 0.722755122828449
-9999 -9999 -9999 -9999 -9999 -9999 -9999 -9999 -9999 -9999 -9999 -9999 -9999 -9999 -9999 -9999 -9999 -9999 -9999 -9999 -9999 -9999 -9999 -9999 0.707294822826276 0.702458986672076 0.697623150517875 0.691508943345314 0.682273148256259 0.649557520285841 0.612140494284933 0.568331285841308 0.52481621595984 0.485215642526662 0.50549869967852 0.524524699366564 0.541481118574924 0.616883634907187 0.71640411144885 0.715280018133342 0.714631467124125 0.714939911256859 0.721802465979024 0.732194385400041 0.729887450507861 0.726408277269273 0.721050572859079 0.71708111920208 0.714021588001954 0.714463169036411 0.714828887293889 0.714018454147122 0.71531664066816 0.718284088052708 0.718503607537622 0.718417485678729 0.718674523684556
-9999 -9999 -9999 -9999 -9999 -9999 -9999 -9999 -9999 -9999 -9999 -9999 -9999 -9999 -9999 -9999 -9999 -9999 -9999 -9999 -9999 -9999 -9999 -9999 0.716884299131649 0.697684674531226 0.678485049930802 0.686425648624831 0.69572840921354 0.654718000943384 0.608503947521348 0.555214839198142 0.506662698521398 0.46429319519571 0.493147302856612 0.51797502179296 0.536173819023001 0.616148761566641 0.721383105521944 0.703766237736416 0.696322900674091 0.709353072172006 0.716743301229668 0.721096441809714 0.718998699670785 0.71570686337936 0.70996661369317 0.707579206131514 0.707389403243542 0.707839248929414 0.707949572063248 0.706814436330652 0.708081771097464 0.711250989851052 0.713695582470045 0.715243018577921 0.713492844662313
-9999 -9999 -9999 -9999 -9999 -9999 -9999 -9999 -9999 -9999 -9999 -9999 -9999 -9999 -9999 -9999 -9999 -9999 -9999 -9999 -9999 -9999 -9999 -9999 0.725845498032136 0.700270394988084 0.674695291944031 0.683481701246657 0.691717778257583 0.617019792015994 0.560295146281023 0.528007672399672 0.454497802810417 0.377230793905127 0.466312934027894 0.527972152783046 0.544483123035624 0.61224803041795 0.700951151426024 0.686397043244922 0.683619904235756 0.704543079868132 0.710182620664864 0.707591979727094 0.705521756574212 0.702151678990795 0.695494218981772 0.692513514454428 0.69194272209426 0.691795873424555 0.692186788636515 0.694166139966581 0.698049765310886 0.703440883985496 0.707834790349489 0.710454480154131 0.706297266218027
-9999 -9999 -9999 -9999 -9999 -9999 -9999 -9999 -9999 -9999 -9999 -9999 -9999 -9999 -9999 -9999 -9999 -9999 -9999 -9999 -9999 -9999 -9999 -9999 0.720305475244584 0.708634414244855 0.696963353245125 0.701767568852122 0.704813702147916 0.65546235152471 0.618520102287167 0.598449694040937 0.497809419934404 0.38249126878665 0.477089953171139 0.54429004235153 0.566381932871626 0.589288423291705 0.612430760353281 0.627070725910121 0.641106257365104 0.65392540808707 0.661781396906058 0.666964741103624 0.674086121845252 0.67865665954703 0.676700401597737 0.676125949079612 0.676457194462213 0.676391264392724 0.677223143570716 0.681002382453625 0.686637368256843 0.693741431558459 0.697033766404002 0.698479000709993 0.694495303846977
-9999 -9999 -9999 -9999 -9999 -9999 -9999 -9999 -9999 -9999 -9999 -9999 -9999 -9999 -9999 -9999 -9999 -9999 -9999 -9999 -9999 -9999 -9999 -9999 0.707671609755632 0.71982511553229 0.731978621308948 0.730438835102859 0.72627796988217 0.73115216137337 0.728811315072772 0.716660655266247 0.587827126952047 0.432915108203581 0.506266061425232 0.563699979478025 0.594928583749896 0.557005417685058 0.490602233449739 0.547219432400436 0.584009558835593 0.58089910896978 0.592912226491132 0.613069330008541 0.63386528706186 0.650299179003344 0.655792590417495 0.659091737216345 0.66095266354588 0.661299133094154 0.662650428452136 0.667586466854437 0.674549698544507 0.683117730981582 0.683816033837102 0.682987746512569 0.680439947679065
-9999 -9999 -9999 -9999 -9999 -9999 -9999 -9999 -9999 -9999 -9999 -9999 -9999 -9999 -9999 -9999 -9999 -9999 -9999 -9999 -9999 -9999 -9999 -9999 -9999 -9999 -9999 0.730892047914665 0.725708469165645 0.72055042746485 0.715417907706226 0.710320088457874 0.60839870869285 0.481230162687116 0.48680982226775 0.497546849037761 0.516774805434255 0.524902160212148 0.528497648066018 0.554664820038721 0.566870642430398 0.550980239633733 0.570591118771422 0.609319309024533 0.615011865770217 0.62085683965737 0.629807012836635 0.638720523173311 0.647610003021452 0.652155807627209 0.656793000868622 0.662880750908939 0.67167324461205 0.682606912852734 0.682629812013473 0.681525930624296 0.682144659688076
-9999 -9999 -9999 -9999 -9999 -9999 -9999 -9999 -9999 -9999 -9999 -9999 -9999 -9999 -9999 -9999 -9999 -9999 -9999 -9999 -9999 -9999 -9999 -9999 -9999 -9999 -9999 0.734889559415698 0.727587742154104 0.715833645941332 0.70889334359184 0.708498040924601 0.628589398010273 0.525151037273738 0.486802237049693 0.469804440231687 0.487958274220367 0.517958778221179 0.552662656098754 0.553858038466576 0.547093193191139 0.524308954724703 0.550098166190565 0.602044003662841 0.598189510642978 0.596676731208886 0.605611293479153 0.616919293008774 0.629782950878431 0.640027316975345 0.6493938751482 0.656682870545333 0.667199820840685 0.680272138926181 0.679907957315022 0.678556277951626 0.680986173698902
-9999 -9999 -9999 -9999 -9999 -9999 -9999 -9999 -9999 -9999 -9999 -9999 -9999 -9999 -9999 -9999 -9999 -9999 -9999 -9999 -9999 -9999 -9999 -9999 -9999 -9999 0.740226666835064 0.738465208056001 0.735504854872787 0.726421069294111 0.720778557827773 0.719814920989534 0.649576290397757 0.559229118563054 0.531739242573093 0.530577063589927 0.572759989638749 0.567655794800789 0.542111619709822 0.532393589340254 0.520423852896874 0.503922717784576 0.532612640645659 0.585637783753429 0.585431048236505 0.584369788091496 0.585566160385981 0.591978004571608 0.60180830539126 0.621036396232406 0.638316246849572 0.646918128456068 0.658911646682865 0.673590109169622 0.673442285142414 0.671857810414944 0.673006214888594
-9999 -9999 -9999 -9999 -9999 -9999 -9999 -9999 -9999 -9999 -9999 -9999 -9999 -9999 -9999 -9999 -9999 -9999 -9999 -9999 -9999 -9999 -9999 -9999 -9999 -9999 0.740226666835064 0.738426397073064 0.735694937079722 0.729191827981507 0.725224423979927 0.724704651830297 0.678785991223323 0.616732687890586 0.549427303932842 0.524035051760151 0.567647281786334 0.545263501488802 0.494655531795464 0.487565427413051 0.481937904862182 0.479253724447184 0.518946426311478 0.58145892505333 0.583323249369427 0.582313741409846 0.579133332492126 0.582282006571177 0.589579048469897 0.601679454223992 0.614765375779327 0.629685760592119 0.64633861211471 0.664362947988014 0.66387981038722 0.661159662828956 0.660010098054381
-9999 -9999 -9999 -9999 -9999 -9999 -9999 -9999 -9999 -9999 -9999 -9999 -9999 -9999 -9999 -9999 -9999 -9999 -9999 -9999 -9999 -9999 -9999 -9999 -9999 -9999 -9999 0.736224346674484 0.731260422884639 0.727284344589705 0.725217870495678 0.72574775994424 0.712917009527761 0.688256316739344 0.550806982797348 0.477205503959043 0.508721156513677 0.479726048772856 0.425111920318039 0.428754178193459 0.436379765051188 0.452021518787102 0.50756605423668 0.584598092413667 0.587589829406187 0.586392814642904 0.580847414016089 0.581710253025876 0.586773342704325 0.582103449973646 0.583749319531488 0.607984049008519 0.631201105980583 0.653612535977639 0.652463911854362 0.648067722965699 0.644011831000362
-9999 -9999 -9999 -9999 -9999 -9999 -9999 -9999 -9999 -9999 -9999 -9999 -9999 -9999 -9999 -9999 -9999 -9999 -9999 -9999 -9999 -9999 -9999 -9999 -9999 -9999 -9999 -9999 0.731010384290315 0.727176791778957 0.725217500979668 0.725806575245097 0.714817490293561 0.693314779910988 0.569955994934768 0.485230240379398 0.46410871071554 0.434938869136939 0.40308873898083 0.430461043510932 0.446181721167935 0.438454326664199 0.484417940046568 0.559293965768224 0.588502285341784 0.606704204475847 0.601200613181828 0.590950260036138 0.577588664057458 0.580991950427907 0.588433945314099 0.604174298668849 0.618855297665974 0.632697672800877 0.630607876584941 0.626189293606212 0.62145037466473
-9999 -9999 -9999 -9999 -9999 -9999 -9999 -9999 -9999 -9999 -9999 -9999 -9999 -9999 -9999 -9999 -9999 -9999 -9999 -9999 -9999 -9999 -9999 -9999 -9999 -9999 -9999 -9999 -9999 -9999 -9999 -9999 -9999 0.694398252771648 0.589853927227282 0.504945096417841 0.452363536065093 0.419824154274662 0.396856157686837 0.431459070287962 0.44989916997201 0.435812755742789 0.472986513375611 0.537763686995742 0.588358140016714 0.622321308159733 0.615942292502799 0.596643849102188 0.568877427271253 0.577532021457763 0.588327081571151 0.596158016374736 0.603973139869498 0.611775746550809 0.607712676240289 0.602052322029949 0.596722288585592
-9999 -9999 -9999 -9999 -9999 -9999 -9999 -9999 -9999 -9999 -9999 -9999 -9999 -9999 -9999 -9999 -9999 -9999 -9999 -9999 -9999 -9999 -9999 -9999 -9999 -9999 -9999 -9999 -9999 -9999 -9999 -9999 -9999 0.69547201875144 0.608868948701095 0.548399708134967 0.530956395115371 0.484946328941987 0.427171596659777 0.420251829791036 0.42711094851064 0.461699096582872 0.496604014115705 0.531679510850195 0.58579784994359 0.621953912013563 0.61170518258528 0.590674903008393 0.562577906862073 0.564331213605086 0.568678539338788 0.573253821298467 0.581462631992477 0.59254787763835 0.583645421216088 0.573023356465334 0.566986680294972
