layers/veg/veg_4500.asc
NCOLS 255 
NROWS 330 
XLLCORNER -2985163.8955 
YLLCORNER -3022031.214 
CELLSIZE 25000 
NODATA_value -9999 
[rows 250 to 274 of 330, columns 56 to 111 of 255]
-9999 -9999 -9999 -9999 -9999 -9999 -9999 -9999 -9999 -9999 -9999 -9999 -9999 -9999 -9999 -9999 -9999 0.797980590172868 0.791164431805206 0.788313629959852 0.784220154703619 0.691492579936518 0.619596618406607 0.586547995747495 0.5368124642145 0.478749308840819 0.502368504514893 0.524513331057354 0.540431904897021 0.532205008687909 0.509252651200975 0.534251372822995 0.532850273708392 0.446251664995677 0.420474984507466 0.439607280466993 0.445567320362569 0.424261391317389 0.307060118650582 0.241572882885032 0.222068046834602 0.212498954409199 0.204290940306508 0.193919596416672 0.183878188651483 0.174189354929513 0.178632382020261 -9999 0.141373938612506 0.13934869384446 0.134719536192356 0.135227033606242 0.137075965966984 0.134885399498852 0.133552613409091 -9999
-9999 -9999 -9999 -9999 -9999 -9999 -9999 -9999 -9999 -9999 -9999 -9999 -9999 -9999 -9999 -9999 0.800672833204135 0.79999969767203 0.798295468768309 0.800642325534612 0.802155073945576 0.726712816291375 0.660596266915836 0.61187054299325 0.54754033415457 0.475422686576275 0.495509464320285 0.513585318047876 0.523836046036309 0.520816794008188 0.509704654308115 0.537803452636876 0.555996073521638 0.538252940460786 0.53442876853557 0.540881914611682 0.544521542630106 0.519911499637815 0.391115327429763 0.308908378366751 0.268127015265294 0.249836364890418 0.235906257147368 0.223536454246226 0.212739678947575 0.203623861447952 0.194101207822735 -9999 -9999 0.13934869384446 0.134719536192356 0.135227033606242 0.137075965966984 0.134885399498852 -9999 -9999
-9999 -9999 -9999 -9999 -9999 -9999 -9999 -9999 -9999 -9999 -9999 -9999 -9999 -9999 -9999 -9999 0.800672833204135 0.803182503031753 0.809536426803466 0.817050602729504 0.822999798702769 0.765504701280237 0.712386756700288 0.667431441573424 0.594836992617106 0.50844919753817 0.519016560598918 0.526069157246909 0.521674633302191 0.52373240074854 0.529725190658334 0.549676943378377 0.566478774925625 0.571575216405809 0.569801913542387 0.562956210050855 0.570994494267198 0.561936356500829 0.482429476589422 0.395443603402521 0.3018076584195 0.273694345023762 0.257781404031605 0.243874384284954 0.231381949192134 0.220401157698242 0.21892130236827 -9999 -9999 -9999 -9999 -9999 -9999 -9999 -9999 -9999
-9999 -9999 -9999 -9999 -9999 -9999 -9999 -9999 -9999 -9999 -9999 -9999 -9999 -9999 -9999 -9999 -9999 0.843197265571826 0.830780515595068 0.835067720584069 0.844495830825491 0.804510208596801 0.76728082421434 0.735191344475934 0.657780889811433 0.557752942948101 0.556258707507204 0.549406530805958 0.526815367667425 0.533434207404206 0.557867186414174 0.564668360392296 0.571117571775706 0.579846572563787 0.572160131750828 0.552353051198872 0.567279349693742 0.580899610722586 0.574156866693909 0.487602918062751 0.330083503734461 0.291959162953532 0.275548291967118 0.26017858521242 0.245571642460277 0.231779799263211 0.231182624131298 -9999 -9999 -9999 -9999 -9999 -9999 -9999 -9999 -9999
-9999 -9999 -9999 -9999 -9999 -9999 -9999 -9999 -9999 -9999 -9999 -9999 -9999 -9999 -9999 -9999 -9999 0.849206398568256 0.852003431923958 0.849809358595876 0.844171320696475 0.793729115343717 0.768279073639632 0.789435074363466 0.739496590598857 0.654078310759263 0.638217325141593 0.617586161458102 0.583573561937915 0.5766220276108 0.586174072084686 0.566549188639543 0.552546354843511 0.560232434856807 0.558076050819656 0.548652304514777 0.558773626178043 0.567774460855041 0.56387760668408 0.487873086384976 0.347752830299096 0.310155880219759 0.2906482220744 0.269229633375604 0.251377193628127 0.237335587131585 0.234065173376249 -9999 -9999 -9999 -9999 -9999 -9999 -9999 -9999 -9999
-9999 -9999 -9999 -9999 -9999 -9999 -9999 -9999 -9999 -9999 -9999 -9999 -9999 -9999 -9999 -9999 -9999 0.845251062292866 0.864131829259175 0.869506576248627 0.752896746169187 0.751629253121266 0.762238982955344 0.794997669612282 0.768906407826908 0.713446001799466 0.690342968109428 0.664130041279982 0.629644333385603 0.613831313687392 0.609406100746724 0.574637606585259 0.547963415554169 0.550335179516863 0.549960894308567 0.547559013771674 0.552371569428812 0.556146462617416 0.552831269217699 0.487170424313895 0.366073901985907 0.326927029641305 0.302387868149005 0.277070386212221 0.25618778992278 0.24004437024085 0.226485544787867 0.215787682047563 0.221456507290889 0.218716064987498 0.205163596179523 -9999 -9999 -9999 -9999 -9999
-9999 -9999 -9999 -9999 -9999 -9999 -9999 -9999 -9999 -9999 -9999 -9999 -9999 -9999 -9999 -9999 0.837793545822712 0.845202235683797 0.863959384575475 0.869386794543569 0.752975713324555 0.754252752944003 0.742709047302344 0.707256879552467 0.698065562372845 0.701979757240924 0.685290043838152 0.669206342107675 0.655231343783091 0.639582003376446 0.622911541432494 0.594623634103403 0.570190731785804 0.559061525007478 0.553285915993369 0.551463233216925 0.550001448917908 0.547387939720259 0.540314733408131 0.484603213076073 0.385644123404104 0.340965902855997 0.307687116353387 0.282591459114711 0.25909143276231 0.237296518372602 0.224459562642679 0.215787682047563 0.221456507290889 0.218716064987498 0.205163596179523 0.201850352729866 -9999 -9999 -9999 -9999
-9999 -9999 -9999 -9999 -9999 -9999 -9999 -9999 -9999 -9999 -9999 -9999 -9999 -9999 -9999 0.802082826472376 0.806674519104495 0.817857809052974 0.839137954652517 0.842469665071086 0.731368955990767 0.734585865431828 0.723194827184488 0.684562504856222 0.680272228174801 0.693120394582391 0.679844633796871 0.66806834049782 0.660646324809787 0.647750819661518 0.631517228448307 0.613525303382613 0.598033630124011 0.590090513713928 0.579976707362649 0.568260132630126 0.567185833104125 0.566424771961149 0.562087267275905 0.522494641701281 0.45155433650467 0.378774802606316 0.314109482491143 0.292063409119151 0.270512557854412 0.24949090738826 0.230923827150337 0.215787682047563 0.221456507290889 0.223711744042154 0.221578036209737 0.22340735553055 -9999 -9999 -9999 -9999
-9999 -9999 -9999 -9999 -9999 -9999 -9999 -9999 -9999 -9999 -9999 -9999 -9999 -9999 -9999 0.800120875498927 0.779216881461214 0.776507677412879 0.801668830018187 0.821525776467848 0.730814622391687 0.716169422644338 0.703688670899232 0.695244238571831 0.689698218466257 0.685598654795548 0.674197834523969 0.663741704576598 0.655710791739688 0.646898162441326 0.637608792145167 0.631870575234882 0.628757952075449 0.632563260445814 0.618656759904225 0.591672423251658 0.594403871951605 0.599723739651751 0.601453940659221 0.581145891489838 0.541242164060242 0.428780392645736 0.321108134127402 0.303562602312005 0.286304106888692 0.269352342295223 0.24174454068205 0.215787682047563 0.221456507290889 0.231270766899649 0.246414925454195 0.239414400433589 -9999 -9999 -9999 -9999
-9999 -9999 -9999 -9999 -9999 -9999 -9999 -9999 -9999 -9999 -9999 -9999 -9999 -9999 -9999 0.709436860573134 0.703994810876444 0.704717643883316 0.714883701009642 0.723196187613929 0.704527757430237 0.704384351172535 0.700401721941267 0.689259608988957 0.684810043760235 0.683700403283251 0.674546283682294 0.6647559590431 0.653782547015813 0.658612165905196 0.673079489894773 0.67482339687959 0.671360802465944 0.655242207206836 0.642537091719806 0.63235238107958 0.632270290253204 0.632404023700063 0.628838362063604 0.615759999377893 0.59422325965903 0.471748948605931 0.351666937956087 0.335412122254166 0.314672579364009 0.289140598546103 0.279759142690028 0.275021740786213 -9999 -9999 -9999 -9999 -9999 -9999 -9999 -9999
-9999 -9999 -9999 -9999 -9999 -9999 -9999 -9999 -9999 -9999 -9999 -9999 -9999 -9999 -9999 0.697337603712257 0.680179165590829 0.665837337115259 0.655809925867368 0.652932126930051 0.691700616777039 0.696122967715395 0.695809765879748 0.686665580996478 0.68490587046161 0.686831391571466 0.67323510262357 0.66168923170847 0.655395912548245 0.672108346411133 0.702851168774416 0.710385856088657 0.706838068336363 0.675626570000767 0.663106335335024 0.664387135007249 0.660712292463275 0.656112235080397 0.650268666612853 0.643806002241486 0.636792858406179 0.508419241706848 0.380359552221768 0.364203737407562 0.341433601722638 0.311595316543521 0.291066789484783 0.275021740786213 -9999 -9999 -9999 -9999 -9999 -9999 -9999 -9999
-9999 -9999 -9999 -9999 -9999 -9999 -9999 -9999 -9999 -9999 -9999 -9999 -9999 -9999 -9999 0.699764585434288 0.714144940267261 0.70642754948437 0.664861345282078 -9999 0.691448350625739 0.687742012365843 0.687300967873673 0.692949128862768 0.6975319221842 0.701583042368599 0.66768880568702 0.648687872336412 0.66524117922291 0.689183271271302 0.717631519943352 0.727195813625304 0.72483881526251 0.691587524290351 0.676590796061963 0.675072656103545 0.666297703596555 0.658609376400517 0.658212784002346 0.65752682524226 0.656583571548054 0.530536365575927 0.403432314667874 0.384717627741716 0.363747435765144 0.340366981693211 0.306800317776213 -9999 -9999 -9999 -9999 -9999 -9999 -9999 -9999 -9999
-9999 -9999 -9999 -9999 -9999 -9999 -9999 -9999 -9999 -9999 -9999 -9999 -9999 -9999 -9999 -9999 0.743270116433919 0.743270116433919 -9999 -9999 0.718362505283917 0.71221276954736 0.707874704933641 0.706915092158003 0.709438372292147 0.713699794717909 0.672393965727473 0.650814688020964 0.676164912317313 0.696347962763219 0.713379738112936 0.725927033147504 0.727934425866778 0.700344620697114 0.678766315488627 0.661626710565596 0.657875117302307 0.654781406128017 0.648173243718165 0.647141647548878 0.651068548400451 0.570479537807369 0.480618857244673 0.42079694041626 0.381241113641253 0.363341894847637 0.361975415638712 -9999 -9999 -9999 -9999 -9999 -9999 -9999 -9999 -9999
-9999 -9999 -9999 -9999 -9999 -9999 -9999 -9999 -9999 -9999 -9999 -9999 -9999 -9999 -9999 -9999 -9999 -9999 -9999 -9999 0.719206923389317 0.740266594451084 0.746656788047573 0.725690955221014 0.720894285499146 0.72416685791027 0.683517482206617 0.662413134908577 0.687763864739524 0.697307935229273 0.697212087772081 0.7133392972472 0.721698048062403 0.704591438445016 0.673861395874068 0.63307224390773 0.640682234192315 0.646993333325019 0.626874277063668 0.621663892760016 0.629709803154252 0.621583458461172 0.591685611180977 0.466621641373024 0.395716929721183 0.382687507252351 0.372609238853658 -9999 -9999 -9999 -9999 -9999 -9999 -9999 -9999 -9999
-9999 -9999 -9999 -9999 -9999 -9999 -9999 -9999 -9999 -9999 -9999 -9999 -9999 -9999 -9999 -9999 -9999 -9999 -9999 -9999 0.532699404697416 0.640287933772231 0.706264118320006 0.694640511116438 0.708820074348295 0.735876743754061 0.713565117377611 0.70112083316601 0.713073994054743 0.705985461249681 0.687284078390936 0.706289150451881 0.712946529314278 0.676899165663411 0.656009844692505 0.646312740107694 0.621061240148392 0.59551910683487 0.575828197184017 0.568840194122007 0.57314719263621 0.574701659985092 0.558243265252656 0.453387384626373 0.388538840044799 0.366442656220371 0.362967221901536 -9999 -9999 -9999 -9999 -9999 -9999 -9999 -9999 -9999
-9999 -9999 -9999 -9999 -9999 -9999 -9999 -9999 -9999 -9999 -9999 -9999 -9999 -9999 -9999 -9999 -9999 -9999 -9999 0.528725718380458 0.531992895604188 0.625505246533936 0.687040264091373 0.688943111468107 0.717829796070461 0.760182800162639 0.752342396116976 0.744748132372707 0.739463020397631 0.714922160462753 0.678637906409443 0.70318252310997 0.710549262595285 0.656940821385262 0.644638589916502 0.662835549357452 0.608052487510729 0.554080172456273 0.535677115485712 0.527353221094704 0.527991382468393 0.534700624190994 0.526478233731949 0.437386508237111 0.378462364651818 0.351775692302458 0.346476865403814 -9999 -9999 -9999 -9999 -9999 -9999 -9999 -9999 -9999
-9999 -9999 -9999 -9999 -9999 -9999 -9999 -9999 -9999 -9999 -9999 -9999 -9999 -9999 -9999 -9999 -9999 -9999 -9999 0.52827032558971 0.531935111695496 0.658201199324862 0.74794121680446 0.769566460427105 0.794788359921464 0.821805175263353 0.813111130076262 0.797245249983284 0.76613327464732 0.722978540020364 0.672479355885513 0.710655480263486 0.727649791179903 0.666901276228967 0.655376308088558 0.680196440620204 0.615292633666355 0.551943495693729 0.534406706153302 0.525550395253121 0.524412476930114 0.536224326582789 0.530680991102568 0.425785272807944 0.364377786956186 0.349442393123008 -9999 -9999 -9999 -9999 -9999 -9999 -9999 -9999 -9999 -9999
-9999 -9999 -9999 -9999 -9999 -9999 -9999 -9999 -9999 -9999 -9999 -9999 -9999 -9999 -9999 -9999 -9999 -9999 -9999 0.595278316958589 0.583475607411909 0.67424327226454 0.751013865738894 0.80168235330145 0.839707399220974 0.871422718944316 0.853392593768947 0.824168766694104 0.770940941397915 0.719339961754142 0.668731137268718 0.713957837335004 0.734688819446691 0.666769034121922 0.642777491271879 0.651221164868874 0.608831023536877 0.565877670651025 0.543489918550697 0.533701331248166 0.53511550177549 0.526633311287579 0.502826343150947 0.410680882051352 0.36307998273323 -9999 -9999 -9999 -9999 -9999 -9999 -9999 -9999 -9999 -9999 -9999
-9999 -9999 -9999 -9999 -9999 -9999 -9999 -9999 -9999 -9999 -9999 -9999 -9999 -9999 -9999 -9999 0.630586057267713 0.630586057267713 -9999 0.634838492868564 0.674091752890238 0.6776732740078 0.71029283470573 0.797063293410368 0.860362737307793 0.911948940367691 0.878158939451264 0.831725260334183 0.759191955131959 0.706844730141631 0.666808275739359 0.714101776930488 0.734108220366298 0.658993539292768 0.612505793217647 0.587155265036523 0.591993000984156 0.591982386520593 0.560413983383883 0.549390303669376 0.556634307954093 0.508625061567196 0.45069445278448 0.39292353325758 -9999 -9999 -9999 -9999 -9999 -9999 -9999 -9999 -9999 -9999 -9999 -9999
-9999 -9999 -9999 -9999 -9999 -9999 -9999 -9999 -9999 -9999 -9999 -9999 -9999 -9999 -9999 -9999 -9999 0.634592916376526 0.644737389191719 0.663278254000043 0.685257647267901 0.709075642230257 0.739983462789096 0.784112576117991 0.812706464288913 0.833547477893688 0.820951431666598 0.797862582280459 0.751814513885911 0.714784255639437 0.683253638272928 0.706820125580127 0.71486662342823 0.667796849139326 0.619134446273841 0.569296097144835 0.559926256805642 0.553622696649789 0.540718223095746 0.542709249159307 0.557944857514537 0.506591576297806 -9999 -9999 -9999 -9999 -9999 -9999 -9999 -9999 -9999 -9999 -9999 -9999 -9999 -9999
-9999 -9999 -9999 -9999 -9999 -9999 -9999 -9999 -9999 -9999 -9999 -9999 -9999 -9999 -9999 -9999 -9999 0.653195223518328 0.650163597870407 0.664861877355292 0.687268732414301 0.727537778275339 0.753024257930734 0.750943820313229 0.750911079685842 0.751900244937028 0.757149591412479 0.754559442183701 0.733800112390311 0.710967163986707 0.68686958952745 0.690806843772396 0.689746328631012 0.669013108816702 0.621060217355488 0.553009186479919 0.530444483987039 0.517650745727631 0.521043509235162 0.521711946857498 0.519958004613288 -9999 -9999 -9999 -9999 -9999 -9999 -9999 -9999 -9999 -9999 -9999 -9999 -9999 -9999 -9999
-9999 -9999 -9999 -9999 -9999 -9999 -9999 -9999 -9999 -9999 -9999 -9999 -9999 -9999 -9999 -9999 -9999 0.655078334181616 0.656814324367679 0.669481534758589 0.685814352736511 0.679219400728328 0.666802967424711 0.643530483077963 0.668019542613539 0.716344063498396 0.708231236963844 0.695103003703145 0.672405690403338 0.651506448966771 0.631703787449478 0.644617449353948 0.651049138857763 0.632647096053751 0.586556152488574 0.520020605661938 0.51849344985851 0.522734355779536 0.519515836229601 0.518532627057705 0.519536981445905 -9999 -9999 -9999 -9999 -9999 -9999 -9999 -9999 -9999 -9999 -9999 -9999 -9999 -9999 -9999
-9999 -9999 -9999 -9999 -9999 -9999 -9999 -9999 -9999 -9999 -9999 -9999 -9999 -9999 -9999 -9999 -9999 -9999 0.661136523182304 0.676111454300856 0.696781536129578 0.707072371945233 0.695270982766207 0.642271432839544 0.648126407300357 0.683352809634695 0.671309436943724 0.657670081634659 0.64200371270988 0.623178621369468 0.602427137851772 0.605291447736469 0.604609646603483 0.589273126099495 0.558852125744965 0.517293225456817 0.510651956103279 0.506648275533923 0.49691885060501 0.487855728716672 0.47938506130644 -9999 -9999 -9999 -9999 -9999 -9999 -9999 -9999 -9999 -9999 -9999 -9999 -9999 -9999 -9999
-9999 -9999 -9999 -9999 -9999 -9999 -9999 -9999 -9999 -9999 -9999 -9999 -9999 -9999 -9999 -9999 -9999 -9999 -9999 0.684573834215611 0.719071631918236 0.804359560433184 0.828284372583918 0.737777635510546 0.685659650625011 0.652699623054984 0.645323131439725 0.640312760805266 0.639852988877062 0.623230068980719 0.596749821434439 0.572221792037663 0.551112635723503 0.539511032130848 0.537346693777043 0.542150531781906 0.506556525976881 0.471264901758239 0.455116071018763 0.457138176200772 0.475317272575228 -9999 -9999 -9999 -9999 -9999 -9999 -9999 -9999 -9999 -9999 -9999 -9999 -9999 -9999 -9999
-9999 -9999 -9999 -9999 -9999 -9999 -9999 -9999 -9999 -9999 -9999 -9999 -9999 -9999 -9999 -9999 0.740721826780297 0.740721826780297 -9999 0.743151142197727 0.745096366210379 0.807685302998614 0.826531016510861 0.763803219678279 0.69661010708589 0.627188572785286 0.600712462580655 0.587168090055226 0.601859244278733 0.595141739972779 0.575367858153825 0.545556941200711 0.519591455077742 0.506606571766072 0.505170468758772 0.512261617646127 0.486079677143293 0.46050266777407 0.452020642105929 0.448027938336908 0.448026990121786 -9999 -9999 -9999 -9999 -9999 -9999 -9999 -9999 -9999 -9999 -9999 -9999 -9999 -9999 -9999
