layers/veg/veg_5100.asc
NCOLS 255 
NROWS 330 
XLLCORNER -2985163.8955 
YLLCORNER -3022031.214 
CELLSIZE 25000 
NODATA_value -9999 
[rows 75 to 99 of 330, columns 168 to 223 of 255]
0.811309919869836 0.799245949288355 0.787489827148161 0.786108684946791 0.78720736027259 0.79102183196546 0.79167073309997 0.788843429630465 0.781454681258948 0.773216331765431 0.767570618703155 0.757777124763699 0.742501017933506 0.726505840259795 0.710510989957466 0.697894655904214 0.687225292347748 0.67966893309528 0.674416145578631 0.670210924119805 0.669458324998066 0.668960751971771 -9999 -9999 -9999 -9999 -9999 -9999 -9999 -9999 -9999 -9999 -9999 -9999 -9999 -9999 -9999 -9999 -9999 -9999 -9999 -9999 -9999 -9999 -9999 -9999 -9999 -9999 -9999 -9999 -9999 -9999 -9999 -9999 -9999 -9999
0.800839449454388 0.790539479870266 0.776166908397619 0.773936534290146 0.77530094312632 0.783518261141566 0.787895360595518 0.78805540495716 0.77812812396229 0.766206328461035 0.759106938803484 0.748713846228787 0.733967076686445 0.720915337862368 0.70843526739278 0.695994441533231 0.684920352023797 0.676031532474727 0.673717246746836 0.674108849422702 0.671009713334691 -9999 -9999 -9999 -9999 -9999 -9999 -9999 -9999 -9999 -9999 -9999 -9999 -9999 -9999 -9999 -9999 -9999 -9999 -9999 -9999 -9999 -9999 -9999 -9999 -9999 -9999 -9999 -9999 -9999 -9999 -9999 -9999 -9999 -9999 -9999
0.788937808029183 0.780598450253298 0.766440203955921 0.76825925910293 0.773471611489291 0.780608257960359 0.782663299786449 0.779138084550817 0.76922966561421 0.758120563212413 0.750546878531799 0.738571687334933 0.720778504040789 0.710855635806169 0.703447613442258 0.694271366500758 0.684526932706644 0.673874026945143 0.672287892929748 0.674484316362171 0.674260749104043 -9999 -9999 -9999 -9999 0.641089997166711 0.640573684646937 0.645747162099983 -9999 -9999 -9999 -9999 -9999 -9999 -9999 -9999 -9999 -9999 -9999 -9999 -9999 -9999 -9999 -9999 -9999 -9999 -9999 -9999 -9999 -9999 -9999 -9999 -9999 -9999 -9999 -9999
0.776202728709156 0.769938478423156 0.757643049850403 0.766364254029818 0.777510638612685 0.780373304315334 0.776582941166891 0.765486694577705 0.757086428374721 0.749408331410168 0.741930691456394 0.727801245888547 0.704879321574523 0.698193309514463 0.696764205492015 0.692651447999805 0.685246681580402 0.672578333624419 0.670433160970526 0.672707511937027 0.67355357453105 -9999 -9999 -9999 0.643891570160477 0.641089997166711 0.640573684646937 0.645747162099983 0.647759802544449 -9999 -9999 -9999 -9999 -9999 -9999 -9999 -9999 -9999 -9999 -9999 -9999 -9999 -9999 -9999 -9999 -9999 -9999 -9999 -9999 -9999 -9999 -9999 -9999 -9999 -9999 -9999
0.75500063243009 0.75330496093737 0.751628139672812 0.759857428958125 0.767339012804809 0.760884142635055 0.753634306522417 0.74551149531106 0.744631922028969 0.742849103547674 0.719210984735718 0.700736481781837 0.68908734104081 0.688570947062517 0.691391077337364 0.688623231943878 0.683492802107448 0.674584844285064 0.673952255200782 0.676696684859715 0.673689753191581 0.670604100167537 0.667364856495342 0.652458346959692 0.631457672755332 0.630133999993597 0.632405486666678 0.64213237876359 0.652441257994272 0.663120713385764 0.675765397772279 0.688820419618735 0.702668382143818 0.708691535513314 -9999 -9999 -9999 -9999 -9999 -9999 -9999 -9999 -9999 -9999 -9999 -9999 -9999 -9999 -9999 -9999 -9999 -9999 -9999 -9999 -9999 -9999
0.735969865580562 0.738214528417235 0.744354802080668 0.752691149114998 0.757543797997134 0.74170305410879 0.731311328225554 0.726903326643363 0.731657701360382 0.734010618411726 0.698803132973656 0.678895860697833 0.679212690995971 0.683664943040926 0.689066337253304 0.68833390459676 0.68585164857128 0.680571606093608 0.679257572739863 0.679485217102105 0.673348081935807 0.668154653795304 0.664802461391646 0.647282162462183 0.622361434398547 0.622199397843439 0.626251329871249 0.63893665728847 0.651244429312654 0.663311795630379 0.676567663874396 0.689917681007259 0.703277792780116 0.712984408666409 0.719878743048828 0.724319510798037 0.729377654312024 0.73817882511768 0.75214820184571 0.770904827564938 0.785632651037342 -9999 -9999 -9999 -9999 -9999 -9999 -9999 -9999 -9999 -9999 -9999 -9999 -9999 -9999 -9999
0.724085929220133 0.728196813894207 0.733244838099116 0.744386802131379 0.750819117477061 0.726130807429283 0.713121558020672 0.712937422952745 0.71730889971746 0.718638100840676 0.686736045047717 0.673664253429535 0.685482650603306 0.69120219609517 0.694878303003269 0.698601505676501 0.699797749912786 0.696953649160164 0.688668595054056 0.678080215247685 0.667373327453235 0.659015856820066 0.655242256731323 0.642521010700577 0.625126139468688 0.624090878733561 0.62677150421474 0.637404949955543 0.650153343588275 0.664248415222331 0.679560890062354 0.69401152407815 0.705551482109595 0.713968547831135 0.719981764594195 0.724319510798037 0.729377654312024 0.73817882511768 0.75214820184571 0.770904827564938 0.785632651037342 0.797412853577053 -9999 -9999 -9999 -9999 -9999 -9999 -9999 -9999 -9999 -9999 -9999 -9999 -9999 -9999
0.709973487648897 0.716788859704426 0.72464625258295 0.734009273305624 0.738656304129001 0.716766686534354 0.706938223870756 0.710354464343009 0.710267993472628 0.707304768261129 0.688814539713297 0.683140605884686 0.694407485642859 0.698622630247781 0.700610069136696 0.704539381230214 0.705995588461663 0.703497556996343 0.694327020456286 0.682322209956245 0.669721151248744 0.658317574050443 0.6492503636362 0.638077458691741 0.62580468601826 0.626233253704228 0.62943776363085 0.63855359910433 0.650737867506861 0.664875938714591 0.678772341640842 0.692246277302097 0.704488755067697 0.705971678440633 0.699172425851721 0.704259406930697 0.713743148449068 0.734441269359453 0.7522257774773 0.767311439978056 0.782975654019326 0.798304899118175 0.811198007526613 -9999 -9999 -9999 -9999 -9999 -9999 -9999 -9999 -9999 -9999 -9999 -9999 -9999
0.694286994911351 0.704398943095043 0.717821518966842 0.7221674022469 0.722652396185821 0.711787526277798 0.709235347645669 0.715811575773805 0.708388843735626 0.698824417050427 0.700884427115272 0.703005572665005 0.705207528220728 0.705960552173151 0.706285188195962 0.707419059082174 0.706720627563427 0.703092534150841 0.697334889100868 0.690552825145918 0.677947428449598 0.663581045897839 0.645778861767318 0.633858235645137 0.62500972456952 0.628552841686641 0.633619858726934 0.641595453719138 0.6525059180782 0.665285139595863 0.675312627495381 0.686342603044538 0.701069430403688 0.691631289222391 0.663592143365571 0.670030330186154 0.687065584634585 0.728063780801498 0.752358146794266 0.761179949318901 0.778441950931788 0.796587480623887 0.810605448348724 0.817989905506715 -9999 -9999 -9999 -9999 -9999 -9999 -9999 -9999 -9999 -9999 -9999 -9999
0.677076661872893 0.686735578783628 0.697048765422618 0.697366673807945 0.694918573395663 0.687854118081492 0.687451293375078 0.694363797947233 0.696872621388404 0.697645884610538 0.693713321102797 0.687401450000468 0.677944566450427 0.684302963257978 0.695345942686397 0.697677254040988 0.697675103391463 0.693941988521361 0.690442951543805 0.686803973378724 0.671935445154036 0.656955908462348 0.641759786802076 0.631973029900334 0.625011747276576 0.630945845391873 0.637998674154877 0.646950862165597 0.656086323138022 0.665338481863006 0.675004029823416 0.68470037716379 0.694394298267286 0.690442743255784 0.67598757163125 0.637497295867678 0.621324146041238 0.706447627055106 0.751150852173161 0.758413264721526 0.764848915156411 0.7734767328003 0.794913759189768 0.812567438734276 0.826009477638596 0.828815609247131 -9999 -9999 -9999 -9999 -9999 -9999 -9999 -9999 -9999 -9999
0.66152776691568 0.670000533222933 0.677015468821632 0.673626335306421 0.66840199219804 0.663911193316158 0.664930999728675 0.67200216122621 0.683875827942301 0.69440330373983 0.684554555784738 0.671351941839103 0.653716126271189 0.664136768677816 0.682944155066049 0.687363004047721 0.68887491231989 0.685738923279241 0.683259197538232 0.680760164031763 0.664310489490133 0.649671656434659 0.638565896639143 0.631580261144928 0.6267466907739 0.633904217155713 0.642111198772597 0.65210649333638 0.65958089691898 0.665450141130489 0.674459262500039 0.682447863087934 0.686594216467085 0.688100552490311 0.687574732953356 0.612142558368946 0.567653898174207 0.685486913280396 0.746464653953987 0.754778015680639 0.751433890372347 0.751291857300578 0.780925528646548 0.805136418152352 0.823310639777353 0.799188315242147 -9999 -9999 -9999 -9999 -9999 -9999 -9999 -9999 -9999 -9999
0.652363936887172 0.658476212592277 0.664754699373956 0.65841497781356 0.650507088616331 0.646977858157364 0.648780136498436 0.656437098883151 0.669274532012673 0.681218647435627 0.675583890282774 0.666921979872197 0.654258722725983 0.659967874228974 0.671593593103291 0.679733707623319 0.684564444201467 0.684103827986324 0.678731934323842 0.671130005959973 0.656327008303873 0.644496498118669 0.638465510464443 0.635547183461794 0.634254692948219 0.638815394573081 0.645217998417839 0.65570278765703 0.662101439221929 0.665898271736174 0.671916484425793 0.676474493913239 0.676064006126042 0.67683106611583 0.678504544488438 0.611298119253831 0.570775655923045 0.672484045690449 0.730092098279856 0.746850521841738 0.742008531424217 0.740298879175534 0.778513765794474 0.804484574087108 0.816825213115884 0.79510887602087 0.76776185871369 -9999 -9999 -9999 -9999 -9999 -9999 -9999 -9999 -9999
0.642619710318036 0.650550236866317 0.656625917449355 0.651600369822157 0.645542520866773 0.645179780679719 0.643611331364278 0.640718857976103 0.652547191614548 0.66575311680729 0.659847770335207 0.653516280876295 0.646621507796076 0.653434972378465 0.664728192026894 0.674332476365906 0.680199628998669 0.680091494843385 0.67175033839705 0.659871609219162 0.645356528294279 0.635104871421936 0.633171440982472 0.635349393048444 0.639674844134101 0.642918836427745 0.647706775193662 0.656288411127207 0.662199764107611 0.666410833443185 0.669849513004376 0.671168547515148 0.66620644916837 0.663513595462816 0.662567494711261 0.624771495585393 0.605082821701571 0.676707491399678 0.719139178236616 0.734529744837388 0.722890809482542 0.715484885031609 0.759744216879091 0.78013052329924 0.773941258349852 0.778445984657201 0.788644216942949 0.822254522930152 -9999 -9999 -9999 -9999 -9999 -9999 -9999 -9999
0.632381343028392 0.645687836850018 0.652015046381995 0.6519346256818 0.651586642896075 0.65626762965424 0.647792482200527 0.624870203187032 0.634009769536134 0.648345684732239 0.638351646148658 0.632468776920992 0.632020126803298 0.644889390852988 0.661681388197092 0.67082818564808 0.675788543521066 0.674055217824495 0.662679161209904 0.647226955027198 0.631842963260232 0.622123408160359 0.623455549122367 0.631605830037987 0.643317430983329 0.646334584602323 0.649669376769243 0.654310795571782 0.660235850203072 0.666978250802501 0.668187636075766 0.666430834641256 0.656921578993342 0.648452502379029 0.640784104442821 0.650434840577441 0.665940765981337 0.695597156270252 0.712800452917273 0.718468593870062 0.695521158217053 0.67890388964691 0.727047899581388 0.73559677692798 0.700068154538364 0.751069734972371 0.818436231661348 0.83310335014851 0.841503258255742 -9999 -9999 -9999 -9999 -9999 -9999 -9999
0.604380090772436 0.618495329217423 0.62518233786811 0.625185469246519 0.626823859180613 0.643864935126255 0.643355741228085 0.623574088318796 0.623432719707542 0.628386915230253 0.633498389608581 0.637805673763074 0.641049964519806 0.645794134416288 0.651475919395485 0.663228899641803 0.668278623317944 0.662610533556131 0.654113473866284 0.644487109310962 0.638008615236442 0.632410823894513 0.628531342685348 0.62856331334303 0.630638353220978 0.633870725457042 0.638229089150512 0.645233318087793 0.651522542417369 0.657356492657348 0.661534473064313 0.663201625390647 0.657601095401494 0.654930417032676 0.654514994390645 0.662257944957132 0.672703647261864 0.689595004113481 0.686682243536423 0.665425159492773 0.676607588320353 0.695468645675068 0.721780537298084 0.730284875345872 0.71896575564232 0.760823789639895 0.8115521125401 0.820219804572683 0.823453320405587 0.81940343932844 0.818372031391676 -9999 -9999 -9999 -9999 -9999
0.572597203497438 0.586743213388131 0.5941529071579 0.59471681458707 0.598501397444601 0.626263280388702 0.635600658733368 0.624705555591831 0.616032111797259 0.61095471637339 0.629676386623523 0.642829565146241 0.648622209101023 0.644693526555395 0.638863971550089 0.652071670889059 0.656705049598791 0.647628977103827 0.642116006368398 0.638287797973893 0.642827572252497 0.642231630179807 0.631615560862286 0.623130056954737 0.615757411586435 0.620430185875869 0.626280281417385 0.634223939026431 0.640781387265993 0.646456176566183 0.653563985909795 0.658550990156891 0.656739524350649 0.657699316567822 0.660792286958366 0.663618158219835 0.6678370042756 0.677729937591635 0.660019824546002 0.616741330937822 0.659101152362759 0.710770882822713 0.722439638184533 0.73571265435614 0.75077154168914 0.775774014767409 0.801003685854959 0.806699658092107 0.811219402467149 0.814162655013146 0.805297478601547 -9999 -9999 -9999 -9999 -9999
0.536859629935034 0.550928371489658 0.560673813960196 0.567786812389798 0.577342331553441 0.602506276190822 0.618989938647296 0.625941532137009 0.61733179072142 0.607307564827933 0.617814743294439 0.626000353458469 0.631117272030833 0.626913451402508 0.620532274785849 0.627443261285114 0.628525937823912 0.6202897499927 0.613682044440211 0.608258847243354 0.62614193677466 0.631888775747016 0.613956975449279 0.605976739371053 0.603194505273299 0.614694612557792 0.622311418797938 0.619668334282462 0.625774557881735 0.637451841084852 0.64329134598436 0.646088485961947 0.64097196770044 0.626480976871991 0.604773977971511 0.626752985323068 0.650398702029014 0.657687983677046 0.64609824558832 0.617021091257465 0.64163923152909 0.679099512371338 0.729612085237881 0.761045351389289 0.771239437829989 0.786325878217962 0.801665121474349 0.808543112670402 0.808110911899085 0.7978809004513 0.794362304717965 0.793214615192122 -9999 -9999 -9999 -9999
0.509133325181008 0.52493600886655 0.538417339251603 0.547158917129412 0.55809357321201 0.585433968977003 0.606480980054733 0.620617043351838 0.608156514638542 0.592139920111224 0.602248186971229 0.610222679043939 0.615376708440057 0.610270641864543 0.602336648480397 0.603006758005978 0.602186691187557 0.598983986635152 0.596023518439123 0.593477907303237 0.605616267124557 0.608739733726969 0.59427453869521 0.590579366093765 0.592509700868612 0.604863271220972 0.611827530642652 0.605136596827562 0.61177053628009 0.626888993846961 0.630634718678725 0.632193412463007 0.629735162860784 0.607637932927334 0.570423581514823 0.600672156872802 0.633090666919385 0.63864590436853 0.633354258338474 0.6180152703926 0.637444423177752 0.669010254337249 0.729829930587523 0.766699510454205 0.776907723177169 0.788511778543893 0.79952843120031 0.802754706390775 0.798853706266403 0.785400057663644 0.785933211493477 0.790102869617256 0.777376696030237 0.771508852651304 0.776765684732154 0.772198375229749
0.489605740144641 0.508995955863489 0.527646074400683 0.532980588054123 0.540799820569349 0.575202769992192 0.598169757630853 0.608578584813873 0.588261186312754 0.565182221062353 0.58289002860049 0.595521146197264 0.601441801853308 0.594791708142545 0.584280276465388 0.578766651353494 0.577730359598724 0.583852860457486 0.58939255637516 0.594301757280016 0.58116071262878 0.572484859760566 0.572520895707464 0.576979023418285 0.583746942960788 0.590840327427983 0.594676175747779 0.590629285118221 0.598792786563337 0.614731168163791 0.615538322491505 0.616832249823816 0.623135122195879 0.601459746911413 0.558248092173452 0.585628009324203 0.615915946989895 0.620627095136712 0.621815416563747 0.619740584603756 0.646827156575049 0.681008095719837 0.722930447648663 0.752214685156726 0.767430110448771 0.782135965554784 0.794528143350947 0.789155865884694 0.783303915445989 0.776809061921882 0.780068837217413 0.785613574705044 0.775660930740567 0.771508852651304 0.776765684732154 0.772198375229749
0.475198934642454 0.495784761643308 0.515539837185495 0.524349713012967 0.534463065113916 0.562507324737827 0.582255851616967 0.592894594389444 0.57962592954224 0.56281749794754 0.566789132708198 0.569943378766864 0.572017185437099 0.566457530727948 0.559016818531352 0.561093958712986 0.56559611915625 0.573975635997158 0.577185976864452 0.578076703916025 0.572681827469538 0.569134884647745 0.569193384337347 0.569896804561715 0.570937086222438 0.58447064515424 0.592562582539918 0.586744509498779 0.589979972891149 0.598980211101729 0.603159502237288 0.607731218853272 0.614622273505006 0.593261696535078 0.550154402576624 0.568678187126978 0.592903484482062 0.607362093346689 0.613531135012111 0.612021647066307 0.64248508485539 0.67873403942561 0.712622149005295 0.73819888393652 0.754523355017844 0.756689046864866 0.756405561697609 0.766608529793716 0.771197810499968 0.768263096420832 0.770050569519505 0.772900499754939 0.767602289002526 0.761279341623231 0.753294202127204 0.742571205113661
0.463224564411226 0.484013146366044 0.503441393499444 0.51723122526045 0.530986424043885 0.550232304783461 0.565723853306518 0.577092661016986 0.571485503796871 0.561614435735161 0.552713226007221 0.546991235530052 0.545471595409107 0.542332017987804 0.539593188898428 0.55005808128938 0.559347012407013 0.566755703165987 0.565935289758867 0.561867206811635 0.568710429216235 0.572619413460656 0.57080350214611 0.56628529308308 0.5603555924456 0.580137862841455 0.592495721800549 0.585336890108368 0.58310648897844 0.584014230894295 0.590550055794946 0.597409042212064 0.603941894110143 0.583991870763693 0.543656632124278 0.552694591965798 0.570110078642631 0.594836615134201 0.606705041307691 0.606663149553937 0.638938474420553 0.675949669657188 0.704521370537984 0.725740001163427 0.738773157184857 0.727572206192519 0.714744345516823 0.740774896988588 0.755648269616188 0.755567735905 0.756205213116242 0.756885048739097 0.754563746330074 0.74425155245465 0.720977592157821 0.705786227392205
0.459587053179027 0.477641180020877 0.493455165451749 0.511648698133538 0.52969522739578 0.544567060273855 0.556798113568867 0.566129250411033 0.549271669072548 0.530213975565533 0.547129837641463 0.558352973288685 0.562051358659629 0.566143190790995 0.570279771456689 0.573195894790756 0.573372355359285 0.569168378733364 0.569670867016838 0.572072136935584 0.570176120986629 0.570952353085071 0.576942320451024 0.575785927499278 0.570896775127486 0.577593030799974 0.582886390234673 0.584074158902178 0.582752883493683 0.579833992146562 0.572207024510468 0.569273343232502 0.581742541294468 0.570683781633027 0.541514356903428 0.546102650384441 0.557788186829467 0.579912082588749 0.604591549422522 0.631638211997341 0.661883218236364 0.691783318938861 0.716419092817754 0.722951620955158 0.70933152534206 0.703385499427451 0.700574138925194 0.706810933118421 0.711795177490545 0.715100636125604 0.723219855220129 0.731513506573306 0.718066910501551 0.697623610472806 0.665831183404664 0.666936068408244
0.458609438739366 0.473318010315083 0.487423569304033 0.50933448699038 0.530794396465542 0.542006195322352 0.550633416810738 0.556422439123994 0.536604301102415 0.516343544747244 0.544713879536912 0.563884333699283 0.570894216796296 0.57659277186023 0.581506336864333 0.581597852414325 0.577984002356277 0.568445656213282 0.566922629132509 0.568654030005659 0.564040731468488 0.563597179993911 0.571289084858431 0.573057664666673 0.57173231324015 0.570453799888533 0.571840628265958 0.579657728694893 0.579623455672086 0.574589876544381 0.560319289935718 0.553286627998023 0.570468503244291 0.566331320734853 0.545783775748515 0.542932588820403 0.546326485724112 0.565221298438445 0.592578090098638 0.627773114364215 0.656298947076225 0.683429367625025 0.710025428998003 0.711732110801858 0.685731810719558 0.682001722379796 0.683808174936893 0.682850101660315 0.685136323946061 0.691770857991611 0.702978372569586 0.713406060272999 0.689201174973974 0.662226452512568 0.630758866836205 0.641291881338646
0.460905226282472 0.471516192189702 0.486258740896636 0.51104242890652 0.53483526910153 0.543265735068227 0.547866597590195 0.548262061786429 0.535685292425487 0.524046444517423 0.546195919477395 0.562240540237418 0.570215652669055 0.570598910087041 0.568784432201932 0.571865129029409 0.571010684443495 0.56386435604273 0.556195084155424 0.548470732550838 0.548551071276815 0.549241930999955 0.551123958158907 0.555279909457682 0.560623599881837 0.557660472016361 0.559027123224674 0.571360198817803 0.573077962096842 0.568036500893261 0.556375766244732 0.552251059586728 0.572639703789858 0.573000103704262 0.557943745883865 0.543973663893285 0.535923378311716 0.550818176750194 0.568381235864796 0.588415873786801 0.615605443689244 0.645308945683522 0.681121470909058 0.690136830597457 0.669321451513296 0.664067370783637 0.663847742113229 0.671199625086419 0.67963756007935 0.68953112470851 0.698420139966192 0.704238173535975 0.669726653017497 0.640650458887534 0.620390731777332 0.631899623580783
0.461721773823402 0.473093644053106 0.49571041120843 0.511373966557853 0.524714802846144 0.532729726877927 0.534954862480171 0.530822063920468 0.525390638935955 0.52166305023894 0.533997059006474 0.544368781823427 0.552146719055618 0.556126581742415 0.558347771945864 0.553801924215649 0.549921907584535 0.547106485964316 0.536707972895672 0.523541215571846 0.530979441979247 0.53594845382016 0.536099862339822 0.533894835669609 0.530458971865289 0.536640002020983 0.545184643534906 0.558836948223295 0.562163925738711 0.558916324743987 0.553847360238527 0.553831543130102 0.569643003433828 0.569656375854516 0.557509156959521 0.53712524976277 0.521855324864445 0.531232964523005 0.537529285474457 0.540971416772144 0.572721446219537 0.609651175309613 0.644803000289056 0.65434339951409 0.635373031426295 0.63868693874516 0.648546314989643 0.663835392176227 0.6732854506766 0.674909504076259 0.676622073269179 0.676598061810606 0.650451466375996 0.628445438703372 0.613155691987448 0.62061992160851
