layers/veg/veg_1900.asc
NCOLS 255 
NROWS 330 
XLLCORNER -2985163.8955 
YLLCORNER -3022031.214 
CELLSIZE 25000 
NODATA_value -9999 
[rows 175 to 199 of 330, columns 114 to 170 of 255]
0.284889194920589 0.280239088314279 0.291751596780065 0.312230530562653 0.343069615530912 0.36494385581523 0.362599318078497 0.365364633286512 0.371575493940273 0.376773871321675 0.38187950779838 0.386988298008521 0.394572424427254 0.404170819936525 0.409605860830061 0.414514924034791 0.419855732822368 0.428526425462068 0.440455452961874 0.438002200829198 0.435442879269931 0.450950001927479 0.463086161525956 0.471257318745955 0.472930639142348 0.47429990758846 0.490385942508625 0.494682088407854 0.482262150013772 0.474382909946767 0.468970954585905 0.478903569059057 0.477068448290445 0.454995291178536 0.447110862623767 0.445616809663118 0.413902333339083 0.394148923112798 0.399608646473398 0.368725767315786 0.317381042845634 0.310312993395204 0.29950121084822 0.273741035932686 0.285926731802986 0.324062883601095 0.3661194038111 0.402971883960395 0.421125676290401 0.474535177191487 0.557030308090083 0.600075001441098 0.631237286644643 0.636781297569591 0.60447864669032 0.534635375069639 0.54378862446801
0.270903634117828 0.277258232763073 0.291668329454234 0.310547320646447 0.334516499502559 0.351957887700767 0.352019829746696 0.354613720776786 0.358914890937131 0.368073865257322 0.377004830349465 0.383709319005311 0.393067732939931 0.404585740241741 0.407547438050236 0.41136420942078 0.424463123923371 0.435785261598393 0.445368799930918 0.442022441662435 0.43812693212053 0.447719866294265 0.459778723789116 0.474738055617871 0.48250933656404 0.488672162210536 0.49907587319032 0.497793194133182 0.47994117497498 0.469551666747578 0.462455597496933 0.466001954884232 0.465833155706442 0.459275066487654 0.445937858177237 0.429424423264562 0.394490898429263 0.370966642787627 0.371492369476803 0.354587855099898 0.327869654532642 0.318802365723938 0.30784293303516 0.28987497585175 0.313434738903946 0.365394516277565 0.386996273702193 0.409539558507239 0.445060464649037 0.488269834319875 0.5378221145297 0.59154192202777 0.637344964234863 0.645179090998707 -9999 -9999 -9999
0.25816035588681 0.276098386421512 0.292630145699898 0.308381757326518 0.323158753503063 0.335178230431154 0.340181627348045 0.344147535288513 0.347413870177392 0.358800258239039 0.370009062448487 0.37816503944203 0.389141345131386 0.402412652565322 0.404883213627548 0.408885662434278 0.426567244677557 0.439347133474693 0.44733065118551 0.444188373354285 0.440148326575113 0.445134369068133 0.45716074458011 0.477468117740618 0.489862115956408 0.499636663643248 0.506048077883117 0.501807786959426 0.482465165465418 0.471252163181766 0.463235478950685 0.459317905898053 0.459867124971274 0.468098289595085 0.449273489941297 0.418030349807675 0.382240637970512 0.35537874579679 0.347336105015409 0.3423317603241 0.339038056596865 0.329459095339454 0.320413631022602 0.313495557174607 0.34680217986261 0.40761770386318 0.407843688304104 0.416080106315399 0.47075341132632 0.5043528876941 0.520566652431392 0.579208007848882 0.632417377043164 -9999 -9999 -9999 -9999
0.25054778885461 0.276157259329219 0.291604385189551 0.301413815440536 0.310549479146485 0.320823213954168 0.334104668825314 0.341755979748174 0.345610915892801 0.350289564510643 0.355971714264961 0.364700818946887 0.376670578865415 0.391277375180666 0.402491971375257 0.412158144106365 0.417320226774213 0.427976016709342 0.444007470990475 0.441817846300027 0.437920727430175 0.447366691274719 0.460132059453849 0.476801785482986 0.487035672792903 0.495789482187595 0.507962355210091 0.512179596223699 0.505117086000381 0.496897594259017 0.488451221332889 0.483785956983439 0.485338434088964 0.497584122331023 0.472657514216963 0.43072918363873 0.398549575024627 0.369611513531733 0.347506418258348 0.344391398089059 0.351968291881045 0.341799521463131 0.334068183437426 0.334787874514139 0.364266916917198 0.413413930133706 0.40708255995598 0.41365158731905 0.481381560503591 0.521415839437821 0.538601429517461 0.588020644718777 -9999 -9999 -9999 -9999 -9999
0.23835021341242 0.256140590918979 0.269291236332748 0.279867928762152 0.28782870748766 0.297497709051233 0.311848372969864 0.321776537864493 0.328722636242583 0.333522580536994 0.338949731420206 0.34709048826601 0.357670632713718 0.370235793592447 0.387929076334501 0.40295819969937 0.403094278002491 0.412648724695869 0.431419167926705 0.433133739622289 0.433183419806207 0.445318860749156 0.458833181186859 0.473969370621797 0.485328621720339 0.495894649995607 0.509180545945835 0.518023517954566 0.52056716933501 0.513824035090967 0.504315673296416 0.507085328022901 0.513938418537959 0.527814162112151 0.502074598824609 0.45817286618056 0.413155932399282 0.373996713680631 0.347185169590724 0.348319337596483 0.365187679778782 0.354230402615685 0.347076635078383 0.353125864954721 0.37371661538506 0.40425203385029 0.422069764754766 0.44914888238579 0.5113629542509 0.542748211396546 0.548699984589254 -9999 -9999 -9999 -9999 -9999 -9999
0.22203663295256 0.218101920931367 0.22786819946436 0.245235284427643 0.256030749941562 0.266119312622144 0.27506773436753 0.286008285586994 0.298292118640782 0.309343847437052 0.319248414069813 0.325758155616475 0.332809380590941 0.340301229884592 0.36243957451992 0.382561641516891 0.384398696330592 0.393769937087195 0.410513477236348 0.418781873349372 0.42619312336109 0.439428697004851 0.45370091051968 0.469192443108135 0.4846264594181 0.499547878776723 0.509773853225314 0.519802712613977 0.529552095923488 0.522923356670424 0.511785384216264 0.529335564032949 0.545347044151983 0.558712283532022 0.53690761823059 0.498853137590165 0.426233868040103 0.369541660121883 0.346422641189358 0.353924469086753 0.37866664268748 0.366742486095354 0.35950507599976 0.368811728451888 0.375971138601358 0.381662090771408 0.451194395803716 0.518692536155551 0.558717937016039 0.567913281892795 0.551674118785192 -9999 -9999 -9999 -9999 -9999 -9999
0.208676566455852 0.211158052625559 0.22070136308182 0.234162314327229 0.245466573556544 0.255826322700997 0.263972778571144 0.27222331137382 0.280544022673757 0.292753693934169 0.303870288480952 0.310212470734233 0.318033459466161 0.327057805612928 0.342404843667904 0.356477108399241 0.360902578209828 0.369468681917455 0.38208644999802 0.395096762402171 0.40865277303426 0.425009364852044 0.441339703663345 0.457639163099428 0.477377035964436 0.496726425080359 0.503088985156795 0.511036013576072 0.521229552232383 0.518514340077845 0.512540109170348 0.534824324716114 0.554640411029712 0.570211832752004 0.539684886136986 0.488081533016369 0.450674877966093 0.419012668398504 0.399459368701821 0.397920892087735 0.406525236782722 0.394537048211729 0.384564504223046 0.382264867511569 0.383148853938135 0.386210059393376 0.453348290230175 0.51976647397842 0.56303705886713 -9999 -9999 -9999 -9999 -9999 -9999 -9999 -9999
0.197975950444309 0.210010075440332 0.219081490799816 0.226509303649875 0.238133498424208 0.248859082476653 0.256828122783297 0.262033111465779 0.265374315497623 0.277343317351522 0.288807901325583 0.295991296526245 0.305048144495942 0.315629487599738 0.32383904107487 0.331529517313852 0.338514450639427 0.34630959693069 0.354897547195739 0.37142035187182 0.38975769448824 0.408782947208086 0.426935222080516 0.444060680823342 0.467178717738157 0.489960520605852 0.493334030615259 0.499869484409981 0.510888043919454 0.513694563335976 0.514711764637012 0.539141014139991 0.560984949446445 0.578382686602347 0.536670983446571 0.468114813617407 0.466018863083181 0.459687918588076 0.44442988786147 0.435353140024269 0.429756617750239 0.420154797832442 0.408968022943097 0.394083414867922 0.391691305531352 0.397842577364611 0.458038565830067 0.513950517322582 0.538024460062649 -9999 -9999 -9999 -9999 -9999 -9999 -9999 -9999
0.198148658439295 0.209330221779863 0.213673414900866 0.214222931343382 0.227388392240878 0.239105582168289 0.24577050267109 0.249592201847127 0.251496732681999 0.260842106106594 0.271294158692559 0.283119942632999 0.291756429387196 0.297797671616426 0.307677247658441 0.317778118175651 0.32633785840707 0.334123432056422 0.341151473589371 0.356580855071154 0.373844929087659 0.391312353322017 0.408848925838032 0.42646683211429 0.448006283066554 0.469040188293096 0.474671215946372 0.486315003324706 0.50648387505464 0.51949095400251 0.530484765212029 0.553229289874493 0.573021303915872 0.587735618975597 0.534118443935624 0.44940284536235 0.42394741285785 0.404398859399907 0.397301614986268 0.402914009501449 0.415682266495368 0.420198517462905 0.418104777925785 0.399612032018141 0.402603531167978 0.420287694973033 0.501159912940501 0.565510410889238 0.554076056405837 -9999 -9999 -9999 -9999 -9999 -9999 -9999 -9999
0.198083592377934 0.205159214712428 0.205506659900667 0.202121559480972 0.219281743258584 0.233584037423394 0.238369708280458 0.240933450722687 0.241998959181807 0.248739768226293 0.257145176062099 0.269294504784129 0.278943437381569 0.286557708743746 0.296097846590273 0.305854700806624 0.315296551371526 0.323082004899915 0.329246652284328 0.342670967555211 0.357844695483774 0.374189516804695 0.391401055629352 0.409632047026927 0.430261072705686 0.45035593247652 0.458902287914645 0.472323898118171 0.492657801513356 0.511034897144719 0.529043577515776 0.553740320080555 0.576187579120065 0.594766198323383 0.541949945062696 0.456548353450473 0.408293894745323 0.374435927033722 0.370924806972349 0.379268782415154 0.394287489813389 0.415845127377284 0.429077696290058 0.419698300415048 0.425882166356972 0.442709449659188 0.524571082166863 0.591766140529018 0.588792353882298 -9999 -9999 -9999 -9999 -9999 -9999 -9999 -9999
0.197762001382641 0.197221741652769 0.194363676185461 0.190219777209723 0.214021620384201 0.232628180533578 0.234914117126189 0.236355119357868 0.237226387045177 0.241383199150911 0.246626298627351 0.254439743856697 0.266646920614183 0.282429432947721 0.289462205629673 0.295903419968252 0.305480058197426 0.313275589552217 0.319328284557123 0.329763998372784 0.341750095928369 0.357441861824888 0.374641957773121 0.393616185367943 0.414055637657737 0.434084090294381 0.446255458608934 0.457861736583712 0.468666811278611 0.487202443821729 0.509030689539004 0.539603402290717 0.569784280029934 0.599291283734725 0.560984372949427 0.491590460151824 0.421141628594178 0.37179634150169 0.366935925691446 0.365110946563655 0.364994998477908 0.406747871216726 0.442031577999885 0.455490237384956 0.462502426961788 0.465105999021503 0.526717727596325 0.579769889134115 0.585057687813342 -9999 -9999 -9999 -9999 -9999 -9999 -9999 -9999
0.184909549229582 0.187646844642556 0.186610848753181 0.183481569412451 0.200823368545148 0.216098237927396 0.223905805853968 0.227861938722802 0.229221070334207 0.232359741062156 0.236015599234974 0.240829748995396 0.249463500307762 0.261205397219727 0.271890364607205 0.281704408328136 0.288430633097363 0.297355602467912 0.308432072161329 0.319835537007713 0.33178013789394 0.346582910658174 0.361532126819345 0.376653592989485 0.393114845151072 0.40981996776905 0.425205304490973 0.439411941634644 0.451947380561643 0.470221043735553 0.49076669822892 0.514509967735582 0.54367939480477 0.58218067474953 0.564269806878755 0.520486303627244 0.472516191558221 0.434975333322578 0.419418650072973 0.399293700580162 0.37659669650848 0.409638557630569 0.439828690084416 0.456086776149619 0.475751372572525 0.497745616334509 0.544042438233455 0.581544058293508 0.581723149241709 -9999 -9999 -9999 -9999 -9999 -9999 -9999 -9999
0.169220208759664 0.176937429227507 0.178846352716524 0.177533046334562 0.185992835094992 0.196535502553157 0.211436463095756 0.21857005222896 0.220466145983244 0.222926113673891 0.225415694335436 0.227831108142045 0.231984908684707 0.237553296327772 0.252387402330233 0.266350054282492 0.270497353842063 0.280675234062055 0.296754116258438 0.309200702054856 0.321163007785864 0.334912040700144 0.347547916426636 0.358874471694892 0.371510392533397 0.385019556389895 0.403247643244729 0.421120140860287 0.438488472602276 0.456579850956607 0.474764552021984 0.4896585758555 0.516339413823079 0.56329109982693 0.565131753069346 0.546294161744228 0.527125286936137 0.505468358760457 0.478566779195371 0.441063665273506 0.397591607438632 0.413636433299386 0.43089568653314 0.444460914045143 0.475672695175037 0.51895261711855 0.555600185836583 0.579509850804966 0.562902432280725 -9999 -9999 -9999 -9999 -9999 -9999 -9999 -9999
0.155900518824417 0.160777986211051 0.164565302948603 0.167747844138669 0.173906502827794 0.183635872436197 0.202271825986493 0.210678931516188 0.212188781666186 0.213560380363461 0.215071303593568 0.217082080996967 0.221547303133457 0.228009794224018 0.239060277741541 0.250338426476944 0.259614664438755 0.26985393791493 0.281035554225667 0.287591386140067 0.294051974804734 0.305952369373115 0.320050431876932 0.33673344071164 0.353880919850935 0.371330506496755 0.390381564565687 0.411581243533823 0.435827306399353 0.455134654362585 0.472501807607138 0.487408572590566 0.517045056259651 0.572013566522001 0.577583017188377 0.560471481952718 0.533068508394515 0.506305693478043 0.480892290496835 0.448380403525804 0.41187188254155 0.403251143864327 0.399954310546822 0.407409526390073 0.419413068429048 0.434527123839915 0.49489007579696 0.546197419961635 0.552531625513712 -9999 -9999 -9999 -9999 -9999 -9999 -9999 -9999
0.147334740458706 0.151577900567344 0.156532360870728 0.161881424401717 0.164120510919636 0.171978484013733 0.194663622872048 0.204276520410869 0.205074878268974 0.207319555621616 0.209387875085523 0.210436869242697 0.214014581778353 0.219650002374342 0.225452147582562 0.231833156227712 0.240615552643382 0.250146916525241 0.260411154859347 0.265662164820109 0.270868414969278 0.282324829929003 0.296515660003667 0.31392277048381 0.335853534267833 0.358930363872417 0.380604716207837 0.404907241288837 0.432936074316798 0.454103503856978 0.472497472057504 0.485981476246794 0.516533014595705 0.576437131798276 0.583478800579311 0.566243322182256 0.536395512095905 0.507722527660019 0.481525997732822 0.449960420134248 0.41537192685779 0.390736967322608 0.371793919277679 0.366642884468336 0.369298112229114 0.377291893792761 0.443369831551861 0.495469777820875 0.481956313708996 -9999 -9999 -9999 -9999 -9999 -9999 -9999 -9999
0.144940703546319 0.151412765144662 0.15661099274021 0.161102544008871 0.157320924152375 0.161933829536531 0.189076052254586 0.199806818961983 0.199471432078066 0.205135627493957 0.209755517029694 0.209119414892785 0.210253111517894 0.212826956325879 0.211479203374902 0.210090527391905 0.21107933686593 0.218904047650753 0.233417777191294 0.243317627939197 0.252783677117662 0.26561970351152 0.278125459655359 0.290242744521429 0.317309560290569 0.348203538537223 0.37483844536143 0.401952574474299 0.429746160379196 0.453609886574294 0.47542510430073 0.485622714617135 0.514440120757651 0.575279670229171 0.580863964543635 0.561102790891546 0.536326024435276 0.509891694066571 0.479963328967892 0.444092767122069 0.404876591527317 0.375458973950595 0.347243927236414 0.321052932640252 0.327160443231815 0.355356284333404 0.403780283712224 0.447123832729317 0.466905281952378 -9999 -9999 -9999 -9999 -9999 -9999 -9999 -9999
0.143533833248532 0.146472023383261 0.148869480916356 0.150966959858902 0.148739147217708 0.155427488699274 0.18558035074444 0.197086755408313 0.196019957476312 0.19932582497168 0.200271137475709 0.192130085598969 0.189387308442865 0.191037299377931 0.18987970358017 0.188634313504771 0.188837389248828 0.194990463235452 0.206965688249643 0.217690649063117 0.22873437502214 0.243338820660441 0.258224033283324 0.273439490332552 0.30148748668168 0.332913195020691 0.361558474096008 0.388929690540341 0.414494499961109 0.443140148893493 0.472248185558794 0.488574312165986 0.51431344952625 0.556240991010735 0.568359881126353 0.566732482614586 0.542867876466346 0.51552047044611 0.480831553417457 0.440338886516147 0.396578555113719 0.359588882931754 0.320541108993569 0.275307264495305 0.286498972087429 0.336279036525765 0.379183885799121 0.41144080549842 0.410259236181287 -9999 -9999 -9999 -9999 -9999 -9999 -9999 -9999
0.142061097801505 0.139998317248258 0.138866873213457 0.138252100478454 0.139743115861822 0.149958541289755 0.182473716504819 0.194121823399485 0.191699382081732 0.191045966201684 0.186886456072933 0.170668171427772 0.164196555996334 0.165656151874607 0.166842425510818 0.168070474136322 0.169657733458306 0.17413524076797 0.181440893499767 0.191549001725892 0.203056229179825 0.219407437884993 0.237738533842323 0.258398417604911 0.286284369296866 0.316264945554351 0.346502769945209 0.373716049750897 0.396641032852112 0.430037409916738 0.466691947343727 0.492186061889447 0.514944195508959 0.532997015805084 0.553902265612949 0.575940420402797 0.551361631125394 0.522122252389907 0.483058660357711 0.438397022268027 0.390583536359424 0.345264051227876 0.295503256389646 0.233794280387641 0.24977977526625 0.318899034126751 0.360614027994454 0.390698878040612 -9999 -9999 -9999 -9999 -9999 -9999 -9999 -9999 -9999
0.135505902626021 0.133946695358852 0.132807252235142 0.1319006788436 0.132964400992276 0.142892626727677 0.17549631852638 0.180476592832963 0.16683055022493 0.166039911892096 0.164743299481001 0.157874775265491 0.155728813210718 0.157425767910247 0.157665155597361 0.157927830074197 0.159241087322218 0.161841948027213 0.165702745539668 0.172731866000562 0.181634907300513 0.197787021156007 0.216094925811523 0.236938519971732 0.267515659809988 0.301416213054314 0.340413651970014 0.372980087804078 0.39642844038797 0.425246637527777 0.456196879986221 0.490252589611945 0.517049008257876 0.531360969048717 0.556252768692799 0.585775837384633 0.557048069554906 0.526623413819321 0.492621830985205 0.451061648915543 0.405245775794045 0.353639290984662 0.301404172181557 0.248188298765604 0.258196514658886 0.311442477090002 0.356559784512182 -9999 -9999 -9999 -9999 -9999 -9999 -9999 -9999 -9999 -9999
0.127600622101384 0.127826327087229 0.12561114677691 0.122041852938718 0.120840849886084 0.127194515185156 0.152801299851172 0.15773774704196 0.148736300536015 0.148457319409637 0.148699143074006 0.147999810137747 0.148282865877845 0.149365326215513 0.14873435886319 0.14815253269616 0.148900090464681 0.149859825698454 0.151027179354447 0.155244348455606 0.161560731188647 0.176647409996467 0.195388325825114 0.218427437221379 0.251878295129879 0.289169299980418 0.334611146581609 0.371989704199382 0.397935871055141 0.422646024524997 0.447586541996473 0.485615575252129 0.513761502022657 0.524910558612012 0.555493690531515 0.594736802791506 0.567796398936772 0.53982324923394 0.509673139817268 0.470552925521061 0.426382305206454 0.368794910871387 0.313535007880511 0.265936931872843 0.269244816689346 0.307366315358233 -9999 -9999 -9999 -9999 -9999 -9999 -9999 -9999 -9999 -9999 -9999
0.117576522066895 0.121598068469291 0.116631446311002 0.106678518299686 0.100329130356128 0.0979490620716125 0.105439098911082 0.120727411404209 0.141274057836429 0.142525083521151 0.142226737512626 0.142705021084058 0.142440520970331 0.141571591360208 0.14019037632655 0.138953747996831 0.138677817336279 0.138366053191608 0.138019225514499 0.139843529313082 0.14360076121676 0.156262373517431 0.176152263184056 0.204544214856726 0.241155252698213 0.281005673762918 0.329258450044945 0.370600032080982 0.402142700371668 0.42348264046484 0.441934092082244 0.476735630833634 0.502011308095823 0.510904501637994 0.549854445790164 0.602325406770555 0.586488843343142 0.566674755012377 0.538476308137501 0.500757924134594 0.457679564031976 0.39459163705003 0.335443059406682 0.288950286311124 0.284423084474863 0.308595334908289 -9999 -9999 -9999 -9999 -9999 -9999 -9999 -9999 -9999 -9999 -9999
0.0984929694726193 0.101131718302909 0.096308306391202 0.0873451617260632 0.0862292592764121 0.0856036748787438 0.0854263253580906 0.10388125795495 0.134899834846085 0.137174216836571 0.137269887975511 0.138947516551766 0.138032766746871 0.135008506473858 0.132647547865146 0.130508322475372 0.128898411461883 0.127505402210078 0.126324634166283 0.126942085044482 0.129031663565876 0.137714653905283 0.15733662195848 0.189825261017341 0.226211096588923 0.264703904938104 0.312584460757571 0.354686570565032 0.388595813548261 0.406968483954647 0.421070628040206 0.462521054313002 0.496973576306935 0.519391170745743 0.556558895238282 0.600328520397401 0.601645061072518 0.594776203316761 0.570653068859169 0.535524984469431 0.494200822540363 0.428792092759793 0.363647583532133 0.301981765145808 0.276937193969465 -9999 -9999 -9999 -9999 -9999 -9999 -9999 -9999 -9999 -9999 -9999 -9999
0.0760755759074438 0.0752671025528753 0.0718132268565469 0.0668917790857445 0.0750038993455125 0.0802693621472194 0.0768295995645685 0.0954783269505232 0.129021200378977 0.13210905187294 0.132972354216295 0.135787252292464 0.134164712137521 0.128931270708205 0.125532448217975 0.122432457455856 0.119432971414122 0.117106553171666 0.115438740565619 0.115414514049859 0.116279891846611 0.120405147317264 0.138992044197784 0.174589048155132 0.209335103037228 0.244940203136038 0.290979376637959 0.332435832169799 0.367394762598194 0.383390117339018 0.394551275411596 0.446334566912411 0.494523707852536 0.536531663698321 0.568091074655726 0.594837774313361 0.615297758760246 0.622905298805209 0.603420738950766 0.571398443555048 0.532317071829105 0.46605261524552 0.42047001189976 0.432326881292816 -9999 -9999 -9999 -9999 -9999 -9999 -9999 -9999 -9999 -9999 -9999 -9999 -9999
0.069739570744895 0.0685499683598343 0.0675464390260199 0.0666461361880433 0.0722763125140168 0.0755059209153333 0.0718590809642083 0.090768041602079 0.124886253236983 0.128782026099771 0.129906478763836 0.131115141932038 0.128204713161466 0.121942432814301 0.118929651647088 0.116583377549302 0.1150100865548 0.114416714183575 0.114782204989592 0.11698023318876 0.119493077021768 0.121532225207312 0.132113080319168 0.152740882753086 0.185341520149298 0.221590087591667 0.25994338579883 0.297650041023942 0.334439865006925 0.36439229458542 0.392782451039605 0.439278304251389 0.484702291667892 0.528282894739458 0.568725380209166 0.607657721196714 0.627422044583795 0.632126750079063 0.605086780428263 0.577076933865829 0.548521020980048 0.487142264775995 0.440908433238892 0.438230112734188 -9999 -9999 -9999 -9999 -9999 -9999 -9999 -9999 -9999 -9999 -9999 -9999 -9999
0.0665339566135406 0.0645795229010495 0.0651639419897838 0.0671568233806264 0.0699979762485212 0.0711759247112617 0.0679725247520317 0.0869125838593925 0.120783854366566 0.125277074221971 0.12659215009956 0.126397860550663 0.122493408933316 0.115569866515524 0.113131324525979 0.111637756413548 0.111319698641018 0.112783311269032 0.115990311664641 0.119148274780143 0.122213386543471 0.124778878022723 0.131018249728364 0.141578921780708 0.171339231508516 0.206209100099799 0.237448329363815 0.271710000942017 0.310256988557195 0.350919603836514 0.392398105942977 0.434638738801175 0.477157209951232 0.520153504686943 0.563947491041171 0.608023335021545 0.629723896445637 0.63402116316794 0.601633439557257 0.57424615113399 0.549674239822172 0.496854004100514 0.457702617174265 -9999 -9999 -9999 -9999 -9999 -9999 -9999 -9999 -9999 -9999 -9999 -9999 -9999 -9999
