layers/veg/veg_1600.asc
NCOLS 255 
NROWS 330 
XLLCORNER -2985163.8955 
YLLCORNER -3022031.214 
CELLSIZE 25000 
NODATA_value -9999 
[rows 225 to 249 of 330, columns 57 to 113 of 255]
-9999 -9999 -9999 -9999 -9999 -9999 -9999 -9999 -9999 -9999 -9999 -9999 -9999 -9999 -9999 -9999 -9999 -9999 0.257311924971705 0.261556947408037 0.253365406379594 0.219758442388202 0.184857031128591 0.149248091759462 0.093917619893386 0.0496878454817694 0.0354687858645034 0.0411453227923108 0.0600487811732475 0.0668605979529902 0.0706299126992302 0.0680395581168624 0.0689584230714312 0.0726938523287559 0.0906354195597819 0.107243695822113 0.109415107490135 0.111220187183094 0.112671649706583 0.113413856550018 0.114034327766473 0.114812862160043 0.116944479928378 0.120645995352475 0.121649014466051 0.121376945285828 0.116387555968649 0.111980934336475 0.108389089853397 0.104177498721463 0.100037526631395 0.101164239578453 0.101748500399009 0.101413376473907 0.101939521139206 0.102884679114769 0.108068788349941
-9999 -9999 -9999 -9999 -9999 -9999 -9999 -9999 -9999 -9999 -9999 -9999 -9999 -9999 -9999 -9999 -9999 -9999 0.323398563158362 0.300120478163927 0.275085066207062 0.246458372127858 0.201397671526736 0.147354355834425 0.0967168399047819 0.0575509331352606 0.0471837167871708 0.0515272756715782 0.0656508010965248 0.0715390512447154 0.0739471620036992 0.0674840325931905 0.0657967274770256 0.0679425869953613 0.0890777465896282 0.108949720649732 0.11172515100828 0.113654106720889 0.114765967588657 0.11515794496738 0.115261736604846 0.114554332162461 0.116437629633199 0.121326755817847 0.125363123201464 0.128094135085748 0.121118486136668 0.116585063379497 0.115466157496369 0.109945288554194 0.103153469671709 0.102002112724978 0.101179402401238 0.100913704719034 0.100591108462755 0.100278610893187 0.104946908556567
-9999 -9999 -9999 -9999 -9999 -9999 -9999 -9999 -9999 -9999 -9999 -9999 -9999 -9999 -9999 -9999 -9999 -9999 0.323474034824362 0.307362916599598 0.294389792263465 0.287829487848256 0.234621695587131 0.155916990705704 0.105035460655383 0.0658005512166038 0.0535349800479837 0.0567727276631419 0.0703173378723065 0.0796162527699578 0.0836162393119794 0.0717420474763396 0.0704529647019613 0.0776596856266452 0.0957036903618861 0.111957803202321 0.113921262422715 0.115515056448456 0.116752015775936 0.116763359170693 0.116620677858021 0.117083644808581 0.119570055885665 0.124404142094994 0.126987919880887 0.128749633830902 0.128773935784234 0.126671909343763 0.121597027970996 0.115291333691299 0.108627518257288 0.103491599338579 0.10025510744769 0.100237893626796 0.100097547131992 0.0999052860820059 0.100219641792676
-9999 -9999 -9999 -9999 -9999 -9999 -9999 -9999 -9999 -9999 -9999 -9999 -9999 -9999 -9999 -9999 -9999 0.32170270036177 0.321806227460876 0.319322684130915 0.316108316346374 0.311400432070931 0.251629671948506 0.161762257130966 0.117091105428543 0.0827224098432057 0.0702938229415903 0.073830935628152 0.0879823093105404 0.0916879873037562 0.0915290210988679 0.0818897978971619 0.0822703439993314 0.0906929416876439 0.104328320622335 0.116443569588555 0.118889348044349 0.120930339452184 0.122580593332635 0.122022017556729 0.121080729400176 0.120610495945601 0.122000651853345 0.125549300691514 0.127224576570152 0.128417577189072 0.130004097108307 0.127324442852797 0.118680179849933 0.112751492139906 0.107868847106707 0.104183343532999 0.100910221307701 0.0983360310297583 0.0981545223967148 0.0990404158666202 0.0982435103314671
-9999 -9999 -9999 -9999 -9999 -9999 -9999 -9999 -9999 -9999 -9999 -9999 -9999 -9999 -9999 -9999 -9999 0.331669099629991 0.321268432779624 0.332731103715722 0.337350791706229 0.327986125708347 0.263436962144282 0.168724667028782 0.130350800972619 0.100934738893794 0.0890084902915843 0.0935600903728572 0.109066436634232 0.104772397727459 0.0990275591655781 0.0942550873449304 0.0966386274980573 0.104765714802703 0.113562955826319 0.121383070560861 0.124644892100821 0.127325990670065 0.129446522247811 0.128274112255932 0.126381693799819 0.124309423638223 0.124061897814007 0.12593150823656 0.126919566334267 0.127724421750102 0.129112695044541 0.125155287647387 0.11372399556864 0.108516499912559 0.105662258854798 0.10476346685027 0.10211907839465 0.0965161343895129 0.0961454025590217 0.0981154982665678 0.0973357667356223
-9999 -9999 -9999 -9999 -9999 -9999 -9999 -9999 -9999 -9999 -9999 -9999 -9999 -9999 -9999 -9999 -9999 0.341192459410909 0.34427968775707 0.344406832446297 0.340961369500032 0.330214907817756 0.278162104771121 0.203531790585832 0.143014295271555 0.0970787923460989 0.086839418126295 0.0957906531358605 0.117500122377786 0.113445651988791 0.108892068453041 0.110081223547023 0.113215666685998 0.117911433876783 0.122011539765132 0.125779129891959 0.12850476244243 0.130887310359681 0.132938681570701 0.131417474808433 0.129011022444704 0.125795078906669 0.124264922275758 0.124690678312879 0.125537241939382 0.126598502999733 0.128539770066257 0.127490094666542 0.122258733084728 0.117172313081161 0.112156639244123 0.107471096208144 0.103693129113006 0.101453383429069 0.0998825280567302 0.0986215790594306 0.0984925099217901
-9999 -9999 -9999 -9999 -9999 -9999 -9999 -9999 -9999 -9999 -9999 -9999 -9999 -9999 -9999 -9999 -9999 0.362736926201357 0.360924838846073 0.35426582627556 0.345309403256332 0.331657980815523 0.28792087731592 0.227739330256735 0.161151386074618 0.108451720818582 0.0915980671436975 0.102116954694378 0.13083356011408 0.126657621688174 0.121833751355873 0.124307009672678 0.126610577050106 0.128777947350855 0.129953394798711 0.131169490695009 0.13317119308392 0.13499513613272 0.136647489587992 0.134722824322702 0.131837999254845 0.127707025209545 0.125115164720321 0.124309041022114 0.124895529478774 0.125886336023657 0.127001669993027 0.127157679239983 0.125972440709308 0.121990469301843 0.116893250439796 0.109885807160292 0.105183383498784 0.104387663805595 0.102532631738249 0.100210663497384 0.0994183786098862
-9999 -9999 -9999 -9999 -9999 -9999 -9999 -9999 -9999 -9999 -9999 -9999 -9999 -9999 -9999 -9999 -9999 0.365415266794351 0.367434881854475 0.361232500893379 0.350831498261953 0.331850171498779 0.289772977517353 0.235071881680824 0.188002675252549 0.144069665863234 0.107385942854416 0.114963846568395 0.151967611362933 0.14709541935358 0.139674425497468 0.13598497042889 0.134939403020825 0.136015868596653 0.13708851586877 0.138142821719645 0.139121702018203 0.139973022828305 0.14070121153879 0.138286063967881 0.134979640348183 0.13029764496536 0.126995805713579 0.12529527493629 0.125432902708757 0.125832879465207 0.123926970128874 0.122578932268099 0.122010863753797 0.120698912482177 0.118831418337873 0.111834179555477 0.106540230560031 0.104133132903259 0.103452150467637 0.103523935788224 0.0999766852801429
-9999 -9999 -9999 -9999 -9999 -9999 -9999 -9999 -9999 -9999 -9999 -9999 -9999 -9999 -9999 -9999 -9999 0.376340705118087 0.37554457695338 0.367471149470086 0.353949137053859 0.329292369364418 0.280836136919256 0.21937142531888 0.201427458586259 0.179048669476227 0.141361673700954 0.139586620187838 0.161686419507345 0.160614700691095 0.157098222458737 0.152311205825999 0.148885101443994 0.146551290326702 0.145925460416305 0.145534927044813 0.145086397194897 0.14477773307011 0.144604080151531 0.141695214713419 0.138032538853761 0.133301228160724 0.129373187240078 0.126377129784853 0.125509309558042 0.125050581875699 0.122881158690118 0.1212623202823 0.120413263568125 0.119390164933649 0.117935160745809 0.109890346661487 0.103795187354849 0.101004435523689 0.100929136016193 0.102057720317336 0.100230754861361
-9999 -9999 -9999 -9999 -9999 -9999 -9999 -9999 -9999 -9999 -9999 -9999 -9999 -9999 -9999 -9999 -9999 0.390800648650389 0.384144416268333 0.373357234888858 0.356120961571599 0.325705291888939 0.267695943308982 0.194604247271407 0.209151485377848 0.213240703165363 0.182626461394337 0.1690464961514 0.166791199517291 0.171258589686087 0.174148228218909 0.170032196955507 0.164706748146966 0.158410598517653 0.155472957329591 0.153108380126896 0.151097908223004 0.149552193631214 0.148455105357583 0.145055628686982 0.141075139440117 0.136510957632602 0.131996212365611 0.127538825211596 0.125417639297593 0.123968401725986 0.12267050338329 0.121285961211669 0.119780280868296 0.118054596482624 0.11584691284805 0.106450990348481 0.0995320663504076 0.09681132782536 0.0970142748230876 0.0985379284714657 0.100291468480244
-9999 -9999 -9999 -9999 -9999 -9999 -9999 -9999 -9999 -9999 -9999 -9999 -9999 -9999 -9999 -9999 0.395379665943454 0.390953637631188 0.384551913221001 0.37717508618374 0.361247614276047 0.32784600197551 0.269630500551369 0.197852048752616 0.214604315777466 0.224240045672753 0.207570217064228 0.193209854059144 0.180384861962202 0.183513808738519 0.182318396421513 0.162626961993541 0.158696707778192 0.167416667403533 0.164770055459319 0.16091116277676 0.158937904501352 0.156234765269293 0.152827078098451 0.149137009846735 0.145328456870372 0.141169590733066 0.136258080047241 0.130473323163603 0.126485504051741 0.123191597846023 0.121626214691179 0.11985521483032 0.117796738848453 0.115842218393344 0.113792999914117 0.109384373939998 0.104582014282127 0.0991123280068326 0.0956424778268371 0.0931238722828683 0.0974276862814699
-9999 -9999 -9999 -9999 -9999 -9999 -9999 -9999 -9999 -9999 -9999 -9999 -9999 -9999 -9999 0.400310053236791 0.398296251714293 0.392439364330613 0.384926660436084 0.382173546234327 0.369045011013165 0.334713213783671 0.275892059531091 0.203685339946299 0.222119553890201 0.235552651428097 0.227852802239043 0.215609867272687 0.200346613785343 0.199209644337417 0.193722871416508 0.170179578642318 0.166434896443894 0.178580944137095 0.174753140152314 0.169260811907463 0.166584415600096 0.162738725322974 0.157764325427231 0.153673017354899 0.149721179420275 0.14550110836748 0.140121303394857 0.13339593199521 0.127981431187972 0.123310570421482 0.122062322004961 0.120164870650833 0.117359757921 0.114826051613776 0.112460015241404 0.11134043167853 0.108502715765975 0.102752992330282 0.0963067318663084 0.0896319810847672 0.0948992639845904
-9999 -9999 -9999 -9999 -9999 -9999 -9999 -9999 -9999 -9999 -9999 -9999 -9999 -9999 -9999 0.401814957569253 0.403819850053307 0.396513578075417 0.385237800033332 0.389465023453332 0.382029614680406 0.350760392741644 0.290557663647299 0.214540254324479 0.233640468118412 0.247473687370262 0.239082308721636 0.23458505440553 0.232676678314729 0.221587958592229 0.211409123475278 0.206783826816199 0.200875347869409 0.1939369631594 0.186068570518059 0.178672603109651 0.173855133417177 0.168895780080958 0.16379946765869 0.15909201511456 0.154384659180111 0.149197291581344 0.143210266601191 0.136295449386014 0.13030875516632 0.12516934950051 0.125373703147742 0.123854792888596 0.119926558830432 0.116133205796351 0.11252724115682 0.111398294990498 0.110230157645548 0.108995596426428 0.100925471215262 0.0898733819721589 0.0930221887228115
-9999 -9999 -9999 -9999 -9999 -9999 -9999 -9999 -9999 -9999 -9999 -9999 -9999 -9999 -9999 0.427254326128446 0.424465084808112 0.415004647781598 0.402693404921071 0.400854185523456 0.389685046686644 0.359449238071716 0.305703259795016 0.239106927314146 0.248254755105523 0.255589156312598 0.251268272866299 0.257805655532194 0.271561792994297 0.250507309355779 0.231100895610852 0.226942133082233 0.219777120754463 0.210199236909156 0.198639782883114 0.187724700557691 0.180767427679252 0.17544630827429 0.171704554033969 0.165887533916978 0.15970621438777 0.153939555470324 0.147559156085003 0.1404666721824 0.134097904779313 0.128346929144552 0.126372306912257 0.123456898153698 0.119226160176478 0.115972318930305 0.113188764450207 0.112513566396296 0.112218836621379 0.112568950353976 0.105492264409114 0.0951474174083805 0.0962945348247345
-9999 -9999 -9999 -9999 -9999 -9999 -9999 -9999 -9999 -9999 -9999 -9999 -9999 -9999 -9999 0.432959466289262 0.445405221690151 0.44099213472638 0.429063718084633 0.414374044843979 0.394569438015634 0.36431192746298 0.321098440217489 0.270803383933617 0.264477521287913 0.261725822238757 0.263951571917071 0.283233769498934 0.313855375586519 0.282827841276565 0.251835489795588 0.238548946376895 0.230599155728016 0.226932741250357 0.211863971587308 0.196589765932551 0.187493350341053 0.182201433159965 0.180581966244541 0.173398810447839 0.165369952949732 0.159225756069702 0.152563176832604 0.145299151104975 0.138647168450234 0.132210253261338 0.126168322244598 0.120933437227101 0.116826896583141 0.115048086141035 0.114159308040461 0.114178664496907 0.114343352583928 0.114754358599636 0.110032046855711 0.103038301378603 0.102244455786467
-9999 -9999 -9999 -9999 -9999 -9999 -9999 -9999 -9999 -9999 -9999 -9999 -9999 -9999 -9999 0.467397017769358 0.469013371176362 0.465780706179995 0.460236302237527 0.439789717609447 0.415239534246262 0.38230321609445 0.336809332888249 0.284451647284518 0.253734222764498 0.236094254465127 0.249630895164622 0.279018887792796 0.318945121202619 0.317882703028166 0.304971811265032 0.265553608985965 0.247012704308223 0.245228303617471 0.23158669549438 0.216675487242373 0.203710137349436 0.19491414877835 0.190142809567658 0.183012056896679 0.175397132238972 0.16784054707287 0.159914436506993 0.151559588828777 0.144230447594611 0.137108069941873 0.129248631566275 0.121997194957905 0.115595815686781 0.113046180894378 0.111970965950662 0.112428172585222 0.113194170235056 0.114483527892471 0.110111317020303 0.103254071258509 0.106039710336977
-9999 -9999 -9999 -9999 -9999 -9999 -9999 -9999 -9999 -9999 -9999 -9999 -9999 -9999 -9999 -9999 0.483734485655604 0.487982844758686 0.493793613480753 0.469158958904619 0.441705292524145 0.408490679597001 0.357726761854596 0.297370621420592 0.255661206693728 0.231008031498389 0.24790865112921 0.282612316569321 0.329151741143996 0.351099338687494 0.352721553988387 0.295824669288569 0.267644614827631 0.262513217792591 0.249311852699102 0.234719500069116 0.219216893506983 0.207735367404778 0.200135356396105 0.192610579984592 0.184941151419239 0.176325000730452 0.167497919974054 0.158426110308227 0.150254024721584 0.14220872647122 0.133019973366068 0.124267344834268 0.116124469289241 0.112240918981364 0.110065142227455 0.110964422897146 0.112362501384979 0.114605976328579 0.117798110202545 0.121354021815958 0.115967253587717
-9999 -9999 -9999 -9999 -9999 -9999 -9999 -9999 -9999 -9999 -9999 -9999 -9999 -9999 -9999 -9999 -9999 0.504043833204473 0.532794179718837 0.507319378293981 0.481156213776168 0.453586307017287 0.391130689280974 0.30960699380751 0.289617260200068 0.277149854745417 0.278045151585076 0.30671575924111 0.35385185264783 0.379738914650843 0.385614458817847 0.333029010886987 0.298077105579083 0.277278206704712 0.26185428147613 0.247195064448531 0.232456118745934 0.220464313408703 0.211124299523664 0.202049236916522 0.193066249791689 0.184299248678323 0.175500133893542 0.166663759632802 0.157273874896014 0.147735294469792 0.138256521295941 0.129222562788289 0.1208105070301 0.114373619487821 0.109024984780409 0.110391689485171 0.112487351603016 0.115818500306832 0.118713476926584 0.121354021815958 0.115967253587717
-9999 -9999 -9999 -9999 -9999 -9999 -9999 -9999 -9999 -9999 -9999 -9999 -9999 -9999 -9999 -9999 -9999 0.558489857617375 0.556383639769431 0.532687534115081 0.505709937025197 0.472026267713702 0.414079321191273 0.342870381633486 0.329189013040932 0.319967467567451 0.316708797385206 0.340892168893431 0.383319463328574 0.410589301290003 0.424020140175721 0.397154204746141 0.35391619546593 0.297537657847605 0.277834681174158 0.263129730366705 0.246948250567567 0.235553492688203 0.228779317153631 0.217175731299765 0.205130791282316 0.196449508098386 0.187500073383938 0.178239519290596 0.167137276651142 0.155683679100553 0.145734635993265 0.13617297361829 0.127152914658898 0.119681714369463 0.113140314740353 0.113229188115258 0.113821337533297 0.115266473407296 0.118041488737599 0.121392430607108 -9999
-9999 -9999 -9999 -9999 -9999 -9999 -9999 -9999 -9999 -9999 -9999 -9999 -9999 -9999 -9999 -9999 -9999 0.564164304679389 0.5702021234205 0.549945116697548 0.520818512837344 0.473565956145176 0.430399068419654 0.389465354428635 0.372321241359473 0.360677458703249 0.360778838735431 0.381455058623338 0.415809772145041 0.442841389966275 0.465921041714394 0.478347804266419 0.425863621608716 0.321280717508394 0.295994829186337 0.281257541870119 0.262234752403997 0.252139111181894 0.250660770955545 0.235908438295197 0.219693025363381 0.211247449588931 0.202034657807013 0.191931713478663 0.178803551934478 0.165167548132576 0.154633952758516 0.144388380112231 0.134545496810345 0.127003078326125 0.120524335809741 0.118228848007134 0.115921941794827 0.113595682885417 0.116363083020624 -9999 -9999
-9999 -9999 -9999 -9999 -9999 -9999 -9999 -9999 -9999 -9999 -9999 -9999 -9999 -9999 -9999 -9999 -9999 0.621269012300635 0.623766691558675 0.578237221948941 0.54014382553719 0.517246825303973 0.462834805431011 0.39119708404469 0.406236725399227 0.415568865560585 0.402344256056441 0.425912424598328 0.473941040161985 0.472220368096005 0.469576731301583 0.478153699691929 0.453393756198216 0.401876992565877 0.347395941758815 0.29864927595613 0.276054717932018 0.264649868687148 0.264046351062391 0.252827600150654 0.239522413942156 0.227022112013654 0.215592559326291 0.205405329732183 0.192061796344749 0.178158044694072 0.167214626846646 0.15604141694752 0.14454693097632 0.135711012721594 0.127998676491685 0.123234472261587 0.118807879402502 0.114953493249419 0.113712751856113 -9999 -9999
-9999 -9999 -9999 -9999 -9999 -9999 -9999 -9999 -9999 -9999 -9999 -9999 -9999 -9999 -9999 -9999 -9999 0.682955794583007 0.666609794414343 0.603987830081394 0.55856306888652 0.548282597572999 0.48385660892608 0.389835381864802 0.434216583294843 0.463049590529207 0.439533214890478 0.462209990412729 0.515596736389727 0.488822968545457 0.464190838548653 0.469338976796185 0.468741908181081 0.463533630608849 0.389899963192582 0.317017994402064 0.289625214831859 0.275864045770093 0.275261355496532 0.266860492254457 0.256077706397397 0.240874297302231 0.228053416107847 0.217996832395776 0.204909192098353 0.191159083439199 0.179118516145914 0.166887543515162 0.154390362029619 0.144425761786526 0.135491884304583 0.128659292623064 0.122539855466782 0.117629121087698 0.123149968659454 -9999 -9999
-9999 -9999 -9999 -9999 -9999 -9999 -9999 -9999 -9999 -9999 -9999 -9999 -9999 -9999 -9999 -9999 0.693934398277989 0.683417965109236 0.667882449142077 0.619516328445062 0.573273506594406 0.531369868828629 0.466599513979703 0.389330507771284 0.446304745117249 0.484828951461765 0.464025962945831 0.472881976808357 0.501455785709064 0.467348364066222 0.440119660311863 0.452957420090683 0.457292448757885 0.454803028662949 0.39784831771065 0.338516446938693 0.302773993309908 0.28407714456871 0.281834274629695 0.272557147006337 0.261505685918379 0.248675509038978 0.237411304362719 0.227963998878741 0.216147883657381 0.203392101162855 0.18813083336756 0.174503214101349 0.163159625891432 0.152844846402461 0.143021684441428 0.135353580411517 0.128657506814824 0.123608896485313 0.126654531255774 0.133304227418708 -9999
-9999 -9999 -9999 -9999 -9999 -9999 -9999 -9999 -9999 -9999 -9999 -9999 -9999 -9999 -9999 0.705154861419888 0.702802937932459 0.696602318575762 0.688240791778146 0.637413388671234 0.585882173276517 0.532912643589291 0.473478174923175 0.410510054353128 0.457225628297116 0.4935604055785 0.493335096638963 0.501480194044611 0.51519007594957 0.480595013225493 0.454304566604244 0.468575760774445 0.47132332904058 0.464821822685401 0.410987628491214 0.354809892716402 0.317954705711515 0.296253574316317 0.289180525140159 0.279611613063731 0.269335076877489 0.257966692946065 0.2467113384559 0.235587124927314 0.22429707839405 0.212513662941833 0.196661928725187 0.182613798668015 0.171087317447882 0.160124735291703 0.149496789136903 0.141213488614891 0.134263848575457 0.129574586998317 0.130242031586358 0.133304227418708 -9999
-9999 -9999 -9999 -9999 -9999 -9999 -9999 -9999 -9999 -9999 -9999 -9999 -9999 -9999 -9999 0.708358507654324 0.71456159570067 0.719539114568467 0.723229648318322 0.657126117131557 0.596879685549966 0.548602851857954 0.498858579887011 0.44831222516089 0.467251710802694 0.492289727049809 0.526336326597081 0.543820120294531 0.550292686883372 0.520457930373947 0.497815435854253 0.508724259654869 0.504886670827353 0.489213339332577 0.428106170103741 0.367113336974485 0.334693037501202 0.311468174279966 0.297119588208516 0.287706936400144 0.279005317566707 0.268400044673332 0.25596702329004 0.241413380130474 0.230077957855245 0.219250076243101 0.204824133885811 0.191103769396055 0.17836988500492 0.166531351024696 0.155163396051545 0.146433786541735 0.139478235795923 0.135529480462709 0.133893109487745 -9999 -9999
