layers/veg/veg_4000.asc
NCOLS 255 
NROWS 330 
XLLCORNER -2985163.8955 
YLLCORNER -3022031.214 
CELLSIZE 25000 
NODATA_value -9999 
[rows 150 to 174 of 330, columns 56 to 111 of 255]
-9999 -9999 -9999 -9999 -9999 -9999 -9999 -9999 -9999 -9999 -9999 -9999 -9999 -9999 -9999 -9999 -9999 -9999 -9999 -9999 -9999 -9999 0.406087912431717 0.372183788432411 0.255453080446321 0.0973876566860937 0.0617216682949885 0.041708892622347 0.0534280762368541 0.0724757157239884 0.0959927191522926 0.0929809052707955 0.0892015742676606 0.0881652868483636 0.0866648365623027 0.0848216631850817 0.045244119735718 0.0123099247352094 0.0209982265798256 0.0396473744700484 0.0671533750025121 0.112309627720309 0.151906734210249 0.147405802972041 0.157134057102307 0.182067804182004 0.227983687759286 0.279583551093707 0.334762919979109 0.361626021179837 0.352082118439167 0.365768195404844 0.385077462753107 0.380534701079288 0.378437387553808 0.380139717104255
-9999 -9999 -9999 -9999 -9999 -9999 -9999 -9999 -9999 -9999 -9999 -9999 -9999 -9999 -9999 -9999 -9999 -9999 -9999 -9999 -9999 -9999 0.371471523448033 0.371152720453515 0.287851430253234 0.163137620572148 0.0857046772067643 0.0361520710390318 0.049047836827144 0.0676263060190371 0.0896704534005319 0.0845153670593225 0.0805519025529996 0.085114116510241 0.0847464825943166 0.0807388058765638 0.0421559522466696 0.0103972032064568 0.0195268715420799 0.0347317208615882 0.0553384188295802 0.101394106202812 0.146978345297748 0.167049718114192 0.179458005512382 0.183677419951178 0.23016244989838 0.286906101451792 0.342082378158495 0.362910178272467 0.339575197591374 0.356837396108898 0.385122900593209 0.386790055332846 0.387923331302957 0.388227087018718
-9999 -9999 -9999 -9999 -9999 -9999 -9999 -9999 -9999 -9999 -9999 -9999 -9999 -9999 -9999 -9999 -9999 -9999 -9999 -9999 -9999 -9999 0.371987160409321 0.373145567708959 0.33155585325466 0.268632632364081 0.121638106699815 0.0216514278304378 0.0326450680215285 0.0547060205161879 0.0835165321806022 0.0737637341954564 0.0677434498473852 0.0797104763485314 0.0806907552305913 0.0735587692689334 0.0343772392097875 0.00169139199210401 0.00754191384248792 0.0156690548874877 0.0258204899168428 0.080533482074409 0.141834813816925 0.195875797635208 0.209618136885118 0.180296819292552 0.234739932499842 0.304923875280406 0.338169692735164 0.34486738445832 0.317431420965667 0.344077318159463 0.385610252121631 0.394230848654174 0.398115737831153 0.394642467451408
-9999 -9999 -9999 -9999 -9999 -9999 -9999 -9999 -9999 -9999 -9999 -9999 -9999 -9999 -9999 -9999 -9999 -9999 -9999 -9999 -9999 -9999 0.378856263361537 0.379221637890346 0.340161235704553 0.281425347747998 0.136912759536964 0.0330146975403599 0.0254593992630084 0.0478871482604151 0.0886004887473911 0.0817321931977469 0.0760771588036699 0.0828206270070256 0.0807140847418745 0.0720729763540355 0.0448499832588767 0.023724666761554 0.0336446920629987 0.0536075341223369 0.0825001144519421 0.106543788369235 0.132744625994631 0.17423909066022 0.196387594688906 0.197862753023739 0.251235449741899 0.312678488988053 0.338838164729946 0.34535760061532 0.326625040092518 0.351860005881429 0.389068664113206 0.397893013597985 0.403412153655244 0.403795786699486
-9999 -9999 -9999 -9999 -9999 -9999 -9999 -9999 -9999 -9999 -9999 -9999 -9999 -9999 -9999 -9999 -9999 -9999 -9999 -9999 -9999 -9999 0.390076133244298 0.38706718228106 0.349458153506323 0.294581910351122 0.153327385377721 0.0473345268715417 0.0254003212113723 0.0462434284309368 0.0931748935539633 0.0904306504996071 0.0865896442035483 0.0888680720685937 0.085248318264194 0.0772735347951661 0.0601864625101195 0.0479506495657113 0.0578853046145331 0.0859477845374996 0.130128922745067 0.125454404126533 0.121322247520685 0.164338055756513 0.198958833576331 0.224608572471903 0.270139546015879 0.316725117719079 0.334780552177222 0.343101193504581 0.338905543637496 0.362385158944773 0.393065716619995 0.401649238668862 0.408545347467899 0.412819618598735
-9999 -9999 -9999 -9999 -9999 -9999 -9999 -9999 -9999 -9999 -9999 -9999 -9999 -9999 -9999 -9999 -9999 -9999 -9999 -9999 -9999 -9999 0.391887760299797 0.394068806052209 0.366688555486913 0.32455570107884 0.176484380946916 0.0656108694847216 0.0439261304354449 0.058196382890929 0.0943943026926366 0.0980053706770655 0.0996631664981899 0.101772465753216 0.101845099533752 0.100413924334604 0.0861696112557826 0.0731426059254461 0.0703727733095687 0.092747792200698 0.137480775815799 0.116303792064297 0.103976376274241 0.196220969273453 0.253608896150962 0.273748535285416 0.293825553944334 0.312033150208461 0.316576910264601 0.329920701867295 0.354578935993547 0.37716759741416 0.398080089950479 0.406315017065955 0.41405077601904 0.421010946721261
-9999 -9999 -9999 -9999 -9999 -9999 -9999 -9999 -9999 -9999 -9999 -9999 -9999 -9999 -9999 -9999 -9999 -9999 -9999 -9999 -9999 -9999 0.399430891331587 0.399240378128669 0.381697398629201 0.355494647981105 0.223255215574007 0.116025124283195 0.0699687063161955 0.0637726837718338 0.0818860951763247 0.0876091586851538 0.0945712613604225 0.107427556875602 0.113562235577803 0.114733886307092 0.103432238660613 0.0915810727439013 0.0832409334951237 0.0983226733964831 0.13423036837107 0.128010978326878 0.130895674381818 0.218017542285712 0.266295784072171 0.273065220697686 0.300391224720998 0.328807144258942 0.327720078395068 0.339572557113742 0.368061764085687 0.391934134154458 0.413016573746027 0.417774841232996 0.421194840004069 0.422535488426397
-9999 -9999 -9999 -9999 -9999 -9999 -9999 -9999 -9999 -9999 -9999 -9999 -9999 -9999 -9999 -9999 -9999 -9999 -9999 -9999 -9999 -9999 0.399684970600921 0.400222350354422 0.39509259338694 0.387134644378455 0.287178165459893 0.189783028228581 0.101471150359539 0.0647172474377202 0.0594067151404759 0.0641596054249595 0.0762847416459217 0.107817054682624 0.121734999310148 0.122647054793386 0.114360640326546 0.105114084302537 0.0963856122216674 0.103007673437232 0.123278917740643 0.154868405938815 0.189967359267706 0.232487815052951 0.248502358880559 0.236192339709431 0.294521391242001 0.361173124260294 0.360179554606694 0.365808884051488 0.379953456969178 0.406689120536955 0.43516006788369 0.434169579025644 0.429529140941262 0.419217552432059
-9999 -9999 -9999 -9999 -9999 -9999 -9999 -9999 -9999 -9999 -9999 -9999 -9999 -9999 -9999 -9999 -9999 -9999 -9999 -9999 -9999 -9999 0.378668191327952 0.377810175132791 0.383482899230966 0.392414797869804 0.307838968418665 0.223145446740759 0.14142911363165 0.10005099216633 0.0832737077266416 0.0799683549094563 0.0811842412094419 0.0929374022476377 0.102937107420233 0.11164211657662 0.101414485029741 0.089536815223719 0.0799428702397657 0.0847779737157817 0.102442906645298 0.13766497448762 0.175184170598232 0.208335659481845 0.228513070083556 0.234826211527744 0.29819852667718 0.367999532482761 0.380992662036834 0.398107177756627 0.420520672990609 0.426235050906069 0.426550162868528 0.42691932805786 0.425324432676101 0.420677855681418
-9999 -9999 -9999 -9999 -9999 -9999 -9999 -9999 -9999 -9999 -9999 -9999 -9999 -9999 -9999 -9999 -9999 -9999 -9999 -9999 -9999 -9999 0.375233723171966 0.365909439211398 0.37358449116427 0.389743084083208 0.31930637986166 0.247065607702596 0.173685346054876 0.129612980165125 0.10341445492733 0.0942669917981175 0.0871336911110032 0.0826290162046352 0.0880780206653303 0.100876505244672 0.0876640914976345 0.0729162369220198 0.0640361670084596 0.068652753967556 0.0852701188261091 0.117714354740333 0.152827289369842 0.187020452295806 0.213534089631046 0.231841285824305 0.294692556357326 0.362978274188011 0.389980635491906 0.418901249433586 0.450288213535606 0.440455754883088 0.41903554857374 0.419660223574112 0.420656157776885 0.422228940218596
-9999 -9999 -9999 -9999 -9999 -9999 -9999 -9999 -9999 -9999 -9999 -9999 -9999 -9999 -9999 -9999 -9999 -9999 -9999 -9999 -9999 -9999 0.3804356755695 0.386014081307791 0.38035526584904 0.369088500358871 0.315318072337838 0.253427044897598 0.17434485819971 0.123792139205627 0.09063852534806 0.0866828923253099 0.087236142170627 0.0953511191910476 0.0988264553426165 0.0988760283099579 0.0809434623578953 0.0646385485007371 0.0624273565340345 0.069757654808535 0.0855719285070898 0.106134435669721 0.133681409341527 0.192158338047298 0.217731322242937 0.208142722461622 0.261024626143474 0.325433678008734 0.360730945735571 0.395239047746496 0.428732497697708 0.433269822024086 0.428343483710756 0.42223388364243 0.419529870378767 0.422117326627798
-9999 -9999 -9999 -9999 -9999 -9999 -9999 -9999 -9999 -9999 -9999 -9999 -9999 -9999 -9999 -9999 -9999 -9999 -9999 -9999 -9999 -9999 0.374726058719893 0.380573089976958 0.370614201943961 0.352767349081846 0.301712382931353 0.243472716743551 0.169870455199273 0.120509083516048 0.0859313662519648 0.0751019305140988 0.0715295019251064 0.0844731991586535 0.0867641145918086 0.08118935491498 0.0671996904986968 0.057454032231729 0.0673013176791599 0.0770979418822725 0.0868495197937804 0.101257257086567 0.123987790016742 0.184485682407696 0.213119537750533 0.207703067784589 0.254985887417812 0.312900769486572 0.352948914496739 0.387821680290036 0.416040318722871 0.427970018933682 0.433475928048664 0.424459343127981 0.419788633113759 0.421870376022485
-9999 -9999 -9999 -9999 -9999 -9999 -9999 -9999 -9999 -9999 -9999 -9999 -9999 -9999 -9999 -9999 -9999 -9999 -9999 -9999 -9999 -9999 0.3680920005839 0.354933608052049 0.346425416975527 0.340237915056959 0.279691564583024 0.219242229976669 0.160903919261721 0.119446568773436 0.0882843140380195 0.0600237474891713 0.0419900386296894 0.0529454558004619 0.0547425355750371 0.0497773904344779 0.0473107273304421 0.0512260324793008 0.0778476499274209 0.0898941399088072 0.0889809118478013 0.102244920531508 0.122564819979109 0.165603909886168 0.200799936755889 0.227614764236611 0.273122460826849 0.322252879075954 0.363950905428211 0.394618407309335 0.411103660584522 0.424320563661161 0.434954852759438 0.42638013000748 0.421259303164404 0.421505006658135
-9999 -9999 -9999 -9999 -9999 -9999 -9999 -9999 -9999 -9999 -9999 -9999 -9999 -9999 -9999 -9999 -9999 -9999 -9999 -9999 -9999 -9999 0.31341669731457 0.313179735139855 0.320687421001653 0.332060083661372 0.272974627128124 0.217369846466816 0.172213517550077 0.147008579394309 0.133971283098314 0.0698339064180821 0.0221304602742615 0.0314352135235792 0.0348480856418694 0.0339105802126161 0.0407009688344068 0.0507666529356966 0.0696112272550556 0.0798630941424927 0.0824746116887221 0.0793483028111543 0.0846109844557701 0.13742346058324 0.189482238463866 0.240735604574136 0.292720298145724 0.342655147183767 0.376146660283604 0.404652124115656 0.426746887308565 0.434011450485751 0.435935977240808 0.431043268942438 0.42741427992842 0.425748809229833
-9999 -9999 -9999 -9999 -9999 -9999 -9999 -9999 -9999 -9999 -9999 -9999 -9999 -9999 -9999 -9999 -9999 -9999 -9999 -9999 -9999 -9999 0.317513591437587 0.29684569250102 0.303481984985298 0.323744470142247 0.270214836437599 0.221887983691147 0.188084107380152 0.1750053026889 0.174565980227652 0.080432377249489 0.00762040449399703 0.0138932585349023 0.0188587574090268 0.0228589468280305 0.0353257926724999 0.0481231607582874 0.058378746371661 0.0678322350642677 0.0765725258819649 0.0563225731266798 0.0468796239339921 0.118325686965438 0.188459957844974 0.257192430532944 0.313900914829051 0.364081832176392 0.388108323287066 0.413392572416397 0.440293955613413 0.442396204705215 0.436831744526738 0.435775066708009 0.433795791315387 0.430383019372906
-9999 -9999 -9999 -9999 -9999 -9999 -9999 -9999 -9999 -9999 -9999 -9999 -9999 -9999 -9999 -9999 -9999 -9999 -9999 -9999 -9999 -9999 0.328255707738543 0.338362105394561 0.329442467425566 0.311027861331433 0.27375748112799 0.2386016038574 0.208961391086739 0.180628394847617 0.153092623362372 0.0735896214184948 0.0110550021798395 0.0072339997878659 0.0116363533079565 0.0221105711664003 0.0246361912397481 0.0298313347154145 0.0485347949365561 0.0655374793364165 0.0810278905059103 0.0531109062368823 0.041512995732078 0.151725603620207 0.237063827776237 0.295820961260849 0.341591757136407 0.381071810565745 0.397900137265254 0.413020277488772 0.425944155392107 0.432955726583507 0.437735123698344 0.43849582647683 0.437277919255058 0.432985724078114
-9999 -9999 -9999 -9999 -9999 -9999 -9999 -9999 -9999 -9999 -9999 -9999 -9999 -9999 -9999 -9999 -9999 -9999 -9999 -9999 -9999 -9999 0.354310229345894 0.358130032198441 0.336956443536996 0.303309869938403 0.274074152571088 0.245064797464036 0.2164225985532 0.18489265109656 0.151601568764292 0.0821867988974811 0.0244719923487758 0.0072956253008794 0.0086727764089564 0.023749254950615 0.0196655549736208 0.0185788915824408 0.0372224313993041 0.0557655623540994 0.0742194130920096 0.0499831205791595 0.0430195538919478 0.162026988737515 0.254839848284183 0.319660843243634 0.360129306395954 0.392017782693398 0.405136638956807 0.414452677246679 0.418879327906348 0.431060449356225 0.444449493920656 0.441447654751371 0.438153008292018 0.434403409151274
-9999 -9999 -9999 -9999 -9999 -9999 -9999 -9999 -9999 -9999 -9999 -9999 -9999 -9999 -9999 -9999 -9999 -9999 -9999 -9999 -9999 -9999 0.350539124338814 0.343555366634181 0.32507153291957 0.300848571133115 0.270998295992947 0.240748342057046 0.209775067015729 0.187727915674836 0.171124488918561 0.107021062795005 0.0483867590402949 0.0144251296931936 0.0101879070233454 0.0278982404136146 0.0207091501015544 0.0147292698442544 0.02436584265577 0.0381304434384149 0.0555655492440207 0.0469435468836745 0.0517541562853288 0.148037281064117 0.240196398763685 0.327948548745661 0.369040984400251 0.39660770068434 0.409685899350651 0.417782946832115 0.419475591274349 0.437099926541959 0.457274872654037 0.444642481439224 0.436286458805679 0.43457489284604
-9999 -9999 -9999 -9999 -9999 -9999 -9999 -9999 -9999 -9999 -9999 -9999 -9999 -9999 -9999 -9999 -9999 -9999 -9999 -9999 -9999 -9999 0.347263514647001 0.347020967365827 0.332503352670035 0.310861746788828 0.277965484599936 0.244568271544734 0.210410386390442 0.198670264182688 0.200601936292366 0.151397581856686 0.0967908908697721 0.0361436453631959 0.0180143894972221 0.0312790642598022 0.0324079813430571 0.0330405253159406 0.037231942256521 0.0377727240705751 0.0350674826835686 0.0438005038801195 0.0657802140423666 0.144209981588692 0.226970469434941 0.314358821440747 0.365036752299487 0.403040727210872 0.414666669349669 0.421206821711535 0.421208034319203 0.438376046615482 0.458445277012809 0.445089301035472 0.436919304645961 0.436807083452445
-9999 -9999 -9999 -9999 -9999 -9999 -9999 -9999 -9999 -9999 -9999 -9999 -9999 -9999 -9999 -9999 -9999 -9999 -9999 -9999 -9999 -9999 0.362270713782764 0.359022691562318 0.343911499228429 0.322879976232374 0.286095351273737 0.249387782285146 0.213404488497987 0.210116058189511 0.226767059383775 0.192101213980381 0.142163746271586 0.0577204943287085 0.0264297816021009 0.034385212519444 0.0444588727438984 0.0524404791311198 0.0516690222419485 0.0394337438327461 0.0170052170332979 0.0420670976048878 0.0816855250174735 0.151591745910937 0.225469570420828 0.303591502321528 0.360386629299976 0.407124505482976 0.418679971134045 0.424644341548976 0.423420087087013 0.43754473086782 0.45446875650897 0.444094266970619 0.438249640745088 0.43944334153669
-9999 -9999 -9999 -9999 -9999 -9999 -9999 -9999 -9999 -9999 -9999 -9999 -9999 -9999 -9999 -9999 -9999 -9999 -9999 -9999 -9999 -9999 0.363850833916508 0.365129581308811 0.350423952404401 0.327741299466779 0.285257613710603 0.24735133770113 0.220655218889082 0.211234072508285 0.212348315875459 0.173220648470202 0.124024069366981 0.0532749316046307 0.0282033617600059 0.0368586546060091 0.0407378185975502 0.0415684176254488 0.0331501404951824 0.0257991239342803 0.0193970799355938 0.0505181305356643 0.101858057887293 0.221120537145808 0.304773969592946 0.350375110485437 0.373299070534119 0.391370468919181 0.415085276921389 0.428018215927583 0.427088609509191 0.429920760344562 0.433939744023518 0.437575696307482 0.44024558693687 0.441414448203102
-9999 -9999 -9999 -9999 -9999 -9999 -9999 -9999 -9999 -9999 -9999 -9999 -9999 -9999 -9999 -9999 -9999 -9999 -9999 -9999 -9999 -9999 0.352811339106935 0.358136386417332 0.349001246329369 0.332649730684406 0.280894013708376 0.238705001923017 0.219737334542165 0.207920244040139 0.200464035423224 0.147081947456634 0.0941157844321728 0.0509361656189488 0.0349149695582625 0.0389466886772701 0.0369095150664147 0.0319275329081323 0.0186604091235271 0.0134110326544738 0.0152907701353233 0.0679439506213997 0.141102603456946 0.271585180754607 0.350735494172431 0.375031481338207 0.378892215605455 0.381495225013132 0.412142898319943 0.429323068924204 0.429187701003664 0.426607592682884 0.424269972648805 0.434950965458734 0.441237659144529 0.440696660224411
-9999 -9999 -9999 -9999 -9999 -9999 -9999 -9999 -9999 -9999 -9999 -9999 -9999 -9999 -9999 -9999 -9999 -9999 -9999 -9999 -9999 -9999 0.348158453008848 0.340153790159501 0.337540488982317 0.337617753944985 0.272070164475832 0.221697091460639 0.208486075530946 0.199000092659318 0.191785874634027 0.111761636595338 0.049320099374608 0.0512625173720279 0.0478732288815318 0.0405471779752134 0.0329455400522839 0.0238440984366768 0.00926759096667908 0.00259981183061451 0.00296421059594983 0.096722961080164 0.204473424919214 0.297933497863259 0.354517968006959 0.371696688357778 0.375226382018228 0.379056709249442 0.410025705117268 0.428010590364099 0.429301447576649 0.428747631287059 0.428337243669434 0.437251978689654 0.440959821296888 0.436577395166455
-9999 -9999 -9999 -9999 -9999 -9999 -9999 -9999 -9999 -9999 -9999 -9999 -9999 -9999 -9999 -9999 -9999 -9999 -9999 -9999 -9999 -9999 0.301564952722204 0.303359345530389 0.306191020081875 0.309540351452864 0.250886093581463 0.202824112101764 0.181264886864324 0.159943549215265 0.138767290724497 0.0784131961274872 0.035095942364428 0.0482991070579614 0.0444538955817998 0.0280207056211193 0.0196121458206939 0.012010777183714 0.00384388105758694 0 0 0.106370786224704 0.2235904864878 0.298864160056711 0.33553213102718 0.330945545010224 0.34841259062225 0.372506441765364 0.405172161705331 0.42442103169462 0.42641948879493 0.421900167272233 0.416507034458324 0.426672689511226 0.431765391956184 0.428975936169994
-9999 -9999 -9999 -9999 -9999 -9999 -9999 -9999 -9999 -9999 -9999 -9999 -9999 -9999 -9999 -9999 -9999 -9999 -9999 -9999 -9999 -9999 0.244096283411896 0.261175582498743 0.268626298015403 0.27127185622599 0.225566351841296 0.183054622805799 0.1495639981858 0.112602651430601 0.0735246349934827 0.0467892710299712 0.0311063305206045 0.0450315426318915 0.0370672775631907 0.0129405190677636 0.00486057583276967 0 0 0 0 0.110001882611723 0.228617043193419 0.290703568839679 0.309582789060836 0.282290119536226 0.317124328992893 0.365359728393165 0.398923022958164 0.418901226250539 0.421412704160375 0.412005172863229 0.400654943562176 0.413414327681193 0.42109904089147 0.420898926041054
