layers/veg/veg_2000.asc
NCOLS 255 
NROWS 330 
XLLCORNER -2985163.8955 
YLLCORNER -3022031.214 
CELLSIZE 25000 
NODATA_value -9999 
[rows 75 to 99 of 330, columns 168 to 223 of 255]
0.868489907225512 0.841750762688079 0.839565104709518 0.835653020459551 0.82945941587338 0.826295833375119 0.822844079788341 0.801166152629975 0.782879825250751 0.770015080274789 0.763731651110418 0.760063230470975 0.748552377064309 0.73665594249254 0.72400739416321 0.717286345071165 0.713660667130126 0.696316494706482 0.682430815781546 0.677740406231307 0.678954180122832 0.683926548270265 -9999 -9999 -9999 -9999 -9999 -9999 -9999 -9999 -9999 -9999 -9999 -9999 -9999 -9999 -9999 -9999 -9999 -9999 -9999 -9999 -9999 -9999 -9999 -9999 -9999 -9999 -9999 -9999 -9999 -9999 -9999 -9999 -9999 -9999
0.858441593136104 0.838737281360848 0.83424652592051 0.828408714063706 0.820790729685736 0.817438312234977 0.814113499319145 0.791182933532736 0.774673921809102 0.768429972821488 0.760540273107689 0.751624757078062 0.727237176917326 0.712027988759006 0.714722151495564 0.707074523294601 0.694026357693925 0.684966951981034 0.677324919193862 0.672855919097118 0.671388771090585 0.671832597587915 -9999 -9999 0.629159438437762 0.629159438437762 -9999 -9999 -9999 -9999 -9999 -9999 -9999 -9999 -9999 -9999 -9999 -9999 -9999 -9999 -9999 -9999 -9999 -9999 -9999 -9999 -9999 -9999 -9999 -9999 -9999 -9999 -9999 -9999 -9999 -9999
0.85250075001372 0.835494500175835 0.82903345927555 0.821562127392375 0.812755667875243 0.808495001172212 0.804521797708439 0.783259442619978 0.768950624007162 0.765757259295674 0.756153758871891 0.743390990418505 0.709565380645866 0.691303513857097 0.703400249294579 0.696081672952411 0.678624319098054 0.675573056077251 0.672490778009972 0.668441186889456 0.663908181494139 0.659067435302079 0.646263652246167 0.634871351775173 0.629633390973469 0.62050556049114 0.608384156211163 0.607285191686204 -9999 -9999 -9999 -9999 -9999 -9999 -9999 -9999 -9999 -9999 -9999 -9999 -9999 -9999 -9999 -9999 -9999 -9999 -9999 -9999 -9999 -9999 -9999 -9999 -9999 -9999 -9999 -9999
0.855484409667661 0.831635741615119 0.824019349704665 0.815600481820078 0.806121119615737 0.79938067337182 0.793061825797144 0.779795803903193 0.768578737233681 0.760636992038775 0.749111969882834 0.735599257331059 0.699922033137593 0.679198332805249 0.687642942644248 0.683373063405552 0.672463611369729 0.670384664023837 0.668150934126832 0.664996652195867 0.661936711146537 0.658936827359876 0.646263652246167 0.634030294993944 0.625388320087506 0.616703727620757 0.607986337445514 0.607285191686203 0.60757250872866 -9999 -9999 -9999 -9999 -9999 -9999 -9999 -9999 -9999 -9999 -9999 -9999 -9999 -9999 -9999 -9999 -9999 -9999 -9999 -9999 -9999 -9999 -9999 -9999 -9999 -9999 -9999
0.84791948286102 0.827586080879691 0.816113779450262 0.80725028491853 0.801834401263036 0.780154269764648 0.755549049997338 0.766309031483699 0.770167054601268 0.762992073096526 0.735977666607395 0.700968822611976 0.684375500605901 0.674898019680811 0.679300682440099 0.676986967861157 0.671165925854613 0.670223075288845 0.668699026748289 0.665470329953927 0.660969146928693 0.655657901092022 0.641135732577951 0.626746310127592 0.614904928057433 0.606127650298967 0.599708452150837 0.600360696238067 0.602630869209221 0.607609954503419 0.616984226618484 0.630428830149476 0.644245192817366 -9999 -9999 -9999 -9999 -9999 -9999 -9999 -9999 -9999 -9999 -9999 -9999 -9999 -9999 -9999 -9999 -9999 -9999 -9999 -9999 -9999 -9999 -9999
0.834241678345509 0.823425792843372 0.806532615444563 0.797515928894655 0.798908244077004 0.755067945207814 0.702938743856497 0.747013879826543 0.772891305038519 0.76967909855739 0.719312767558637 0.650785431906599 0.665408088103624 0.675120606695878 0.67525542186718 0.67426475231188 0.672686348736859 0.672974505664698 0.672079665532492 0.668214601373404 0.660583343634489 0.650554532754586 0.633036197143978 0.615728665626504 0.600806445569023 0.591625916392176 0.586864089327657 0.589423474153213 0.594366251436484 0.60492647198784 0.616984226618484 0.630428830149476 0.644245192817366 0.655977745085625 -9999 -9999 -9999 -9999 -9999 -9999 -9999 -9999 -9999 -9999 -9999 -9999 -9999 -9999 -9999 -9999 -9999 -9999 -9999 -9999 -9999 -9999
0.823521113503828 0.81294227268473 0.804971912805553 0.798792989483673 0.794981499398986 0.751688680694127 0.701633349562318 0.742149843646278 0.758608023214951 0.736608205637135 0.696266833507884 0.64978857460599 0.679117224096895 0.696976661262591 0.692464278539571 0.688610321799367 0.685100198556342 0.678260613071229 0.670874352310664 0.662375220306759 0.654209039451827 0.646254814795136 0.630096011524728 0.614600305987307 0.603034592973673 0.594036020901268 0.587013074360692 0.593328877513597 0.601631478368994 0.610814255458251 0.620870522917326 0.631735719652604 0.638472451734192 0.644129588552042 0.648280130669865 0.652404222736695 0.656498876840359 0.670788822215948 0.688073061469262 0.707844555836557 0.724767554499606 0.737873570632367 0.741210653329215 -9999 -9999 -9999 -9999 -9999 -9999 -9999 -9999 -9999 -9999 -9999 -9999 -9999
0.815389405365714 0.806765504660766 0.804475626806184 0.798877705125724 0.788908111519972 0.750793070698432 0.708481413699925 0.739456563729527 0.74582390494765 0.71285486453971 0.685868507670663 0.662587972633615 0.694461749930049 0.712874827209171 0.705031493165131 0.699097543626153 0.694160684677415 0.68303926072146 0.671203305945455 0.658026318921724 0.648795165979331 0.642075925049692 0.627328787338262 0.613841199070698 0.606060057603938 0.597959535600845 0.589613224076881 0.598471400086124 0.608838315364489 0.61615544147026 0.624267972436367 0.633117118596178 0.634263638319026 0.634329433460323 0.636664116341647 0.642459226440983 0.65210566858513 0.668436952765566 0.68683246996077 0.707681175701063 0.724752128984604 0.736760896248457 0.753291130152378 -9999 -9999 -9999 -9999 -9999 -9999 -9999 -9999 -9999 -9999 -9999 -9999 -9999
0.813874391987 0.813164210515893 0.805750730119343 0.79418916813485 0.777145800957824 0.753613337892391 0.730311553693705 0.740644421865746 0.739482424036009 0.719945509558858 0.710700485628706 0.705986014952181 0.709688981702961 0.70957898553383 0.702031432428107 0.696728159356841 0.692596861075507 0.686086543167535 0.676337678004456 0.658921535702499 0.646824277273946 0.638113012280659 0.624311568466616 0.612705340769931 0.608973170606365 0.603633383034916 0.597056401998388 0.60490268938451 0.613720551503907 0.618817029221135 0.625796073603424 0.634518541087319 0.635106307494659 0.630290366028287 0.604676622276628 0.605511963357698 0.635784192301062 0.659699378940801 0.682223472684128 0.707074192181997 0.724694820711778 0.732627131693302 0.750411293005059 0.770219871946346 -9999 -9999 -9999 -9999 -9999 -9999 -9999 -9999 -9999 -9999 -9999 -9999
0.800501594019024 0.7980278538965 0.793837329232366 0.783281376015391 0.764313331918844 0.746216180931717 0.729576340435841 0.729211872932773 0.72785441125283 0.724909616129537 0.720311299291147 0.714995542406879 0.708817292660272 0.702186198844721 0.69467178840194 0.690605805571901 0.688340609704712 0.683182935864437 0.674034186389124 0.65543410753164 0.642367062776771 0.632822339169433 0.622031905192064 0.61331903983078 0.61122705749553 0.60765585798429 0.602946279518832 0.608785185747846 0.615549337984325 0.620444392223456 0.627672318650978 0.637060690889965 0.638245607901219 0.630704616947586 0.584360562365832 0.571310832446401 0.595316498119441 0.639631745431465 0.685894189904665 0.704379252716757 0.717388472299994 0.723060065250344 0.742517885505558 0.765869202854508 0.777168370776561 -9999 -9999 -9999 -9999 -9999 -9999 -9999 -9999 -9999 -9999 -9999
0.778792619876564 0.767752069387795 0.772652239046037 0.768001366974998 0.750728527607594 0.731636042431676 0.712977391525743 0.708907014342753 0.712509898081116 0.728378738623317 0.719221437275618 0.69982949843623 0.696627853735412 0.691913206738246 0.684247300848548 0.681845065600718 0.682191546734114 0.676095775978593 0.666501780259087 0.64886562318608 0.636161929039581 0.626598233337559 0.62027075305672 0.615162700380977 0.613017499887319 0.610517396684696 0.607744166735549 0.610875847660243 0.615231509799436 0.621344681829979 0.629793313356451 0.64040478676982 0.642999469814163 0.634249608357094 0.572249671859665 0.539040268025984 0.537873699960659 0.611598933191902 0.695385653673879 0.700216453173537 0.704985954764933 0.709673317196128 0.731099873101629 0.757565175330917 0.77399482226398 0.784157670893661 -9999 -9999 -9999 -9999 -9999 -9999 -9999 -9999 -9999 -9999
0.79551058319258 0.78720347160039 0.782576522159345 0.772761868997707 0.756091521079358 0.732377389668341 0.70787545578342 0.705380791335125 0.707904418383156 0.718449947377949 0.706196388543228 0.684613420160474 0.677520134963648 0.673618283651283 0.675941636130199 0.677306763913263 0.678171501740802 0.66875726879313 0.657299004844644 0.641545259006116 0.629784029388756 0.620564429563816 0.617268360756577 0.615158585901195 0.615285315430033 0.614639714320146 0.613399741430988 0.613025801260553 0.614393431853359 0.622222028210699 0.629198296824253 0.635385234623532 0.6161288755231 0.592037123119268 0.568553386930841 0.556810830971858 0.558135789748107 0.621369471390503 0.692342825441597 0.693342254526383 0.694565683726115 0.696089272945136 0.723155165676316 0.756959744531548 0.761418977744633 0.773213171724821 0.796902450303554 0.804022036097837 -9999 -9999 -9999 -9999 -9999 -9999 -9999 -9999
0.811139462055572 0.806448978668867 0.791345751160108 0.776809679464707 0.763023119951436 0.73786997076046 0.710420524179587 0.704166005559178 0.702257874575839 0.707297585397367 0.692661402670328 0.670041197138851 0.663083948016421 0.661305197185933 0.669627613532088 0.67333349188359 0.674628589912039 0.663252104494538 0.650270729720924 0.634201753027514 0.622469751300211 0.613498661281769 0.613642019727404 0.614790564397445 0.61688114752995 0.617802351641389 0.617823622674243 0.615243410749988 0.614671141706132 0.623439887957082 0.628699326211676 0.630708835130407 0.595621728648438 0.561195528869261 0.569615630464726 0.578446583046959 0.587734798120585 0.634948339921038 0.685954584742552 0.686366127557361 0.684754233649431 0.680430935750149 0.711736207781011 0.752324272294915 0.750252187911874 0.761271402706495 0.793520739401907 0.810756287267739 -9999 -9999 -9999 -9999 -9999 -9999 -9999 -9999
0.808980605455393 0.806863083496738 0.784763419209454 0.771077298230819 0.768509908747489 0.754312087392841 0.735383595335768 0.704881145663988 0.689077051303518 0.696768755298383 0.681700040521331 0.657727367316519 0.667421675073536 0.672727016802874 0.669471251222941 0.669787943403005 0.671970191738507 0.664217254977804 0.651416691776891 0.627051630771072 0.611960467287588 0.602773052950984 0.608296942441876 0.61382952356505 0.615965045462328 0.617166685215062 0.617649626053041 0.617674816181642 0.619020534153341 0.625850854176497 0.629523939319082 0.630273145945096 0.608775349895874 0.586585600255361 0.584168885128517 0.595301095942413 0.621512777977881 0.648006219035927 0.672492742399512 0.680023092167542 0.676338945855443 0.657627381541618 0.686964002155429 0.730862563970005 0.747413069776063 0.767161294421976 0.792095250434444 0.808639318784076 0.821352195938886 -9999 -9999 -9999 -9999 -9999 -9999 -9999
0.799497227969457 0.7936568460301 0.781034143479421 0.770598109748847 0.763051819683692 0.756502719719823 0.74782330936911 0.704712369454224 0.679305325665297 0.682198534841359 0.673828887332775 0.661160574642357 0.67018693635638 0.672931951545158 0.663424586262038 0.663130568190193 0.667647808293228 0.660718399721905 0.647609468077388 0.6202983929894 0.606280751069907 0.600725688614826 0.602932181316038 0.605332821937939 0.606518858137622 0.607691166098992 0.60885290905488 0.610998027310264 0.614084829704372 0.62039444315869 0.62500988345945 0.628056369699327 0.616305648780703 0.603311015130058 0.599203661407186 0.610490344281617 0.63891004071507 0.646007507165896 0.648676609648686 0.661084569175729 0.665551117504989 0.65937617960607 0.682433631139009 0.715235483960641 0.744471056901651 0.769267990977806 0.786866797282556 0.800614666742925 0.812465934208416 0.810723030751477 -9999 -9999 -9999 -9999 -9999 -9999
0.783806428655709 0.768907572318509 0.779722790195935 0.774570923501912 0.748318110440825 0.746615432393646 0.749649665672398 0.703794487397044 0.67242275924952 0.664203296541599 0.6685766399884 0.677939160272324 0.671619556429932 0.663630744234328 0.652385977961326 0.653835966395155 0.661915222234274 0.653436366412866 0.639604493582265 0.613881508860104 0.604694021276432 0.606033006180671 0.597550738430136 0.590449760570213 0.589843551223551 0.590724004130533 0.592748565589692 0.596602180085386 0.601280144601834 0.608270547679894 0.615971385551752 0.624330148826561 0.619070266125003 0.612693263291427 0.614646520047742 0.624268305832678 0.64242489085592 0.631248559781487 0.61608537074535 0.631471558952321 0.652752596541695 0.68193272875767 0.695057912003263 0.704553164124397 0.741441842276254 0.768168486257241 0.778415388901653 0.78758334130449 0.796275104477673 0.804259426530385 0.809564895975013 -9999 -9999 -9999 -9999 -9999
0.771490971091479 0.760789445669739 0.770367121749978 0.764473986352138 0.738135743283384 0.739519401934795 0.747128596564605 0.711777712416383 0.683513346701095 0.666577010865006 0.663249992028002 0.665409729385121 0.655067462102301 0.644762275818492 0.634529419648352 0.632782354024137 0.635466612673084 0.625304205625051 0.610374223479718 0.584735880809421 0.581581957590004 0.592741581811831 0.585770016660575 0.578562685623393 0.574856308736004 0.577855201823086 0.586014350175714 0.587296722308168 0.589618573297065 0.599682240739852 0.608419316716247 0.6159278517587 0.605066750394603 0.593201131856139 0.595305277126475 0.607517258059597 0.630978899493929 0.621495501853777 0.605933704870768 0.611642902621546 0.627720947264258 0.657693240505182 0.691805043699692 0.726669924772138 0.751770990122641 0.770446769648277 0.778702681790382 0.786356183361078 0.79363047153937 0.794141525101656 0.793393391139455 0.790151435413392 0.789028231833855 -9999 -9999 -9999
0.759314676128659 0.754128456272734 0.758534512227162 0.750915093533248 0.727403675616952 0.731467298798276 0.742119388613889 0.71556941775637 0.69011514362134 0.666412376284514 0.653230101503123 0.644430676321731 0.632594573034382 0.621313566105901 0.611115328892496 0.605800115437302 0.603034842566792 0.593408019767986 0.579476993333474 0.555584943661351 0.556408245548737 0.572965302886066 0.569437105139061 0.564567102730216 0.560282356904143 0.566210120856624 0.579997248795922 0.578099122213634 0.577461262008977 0.590071011624368 0.599130821453824 0.604903073319478 0.59015106284912 0.573870881761681 0.570990657568551 0.583420660940911 0.612890401409726 0.60979421276572 0.599274085935237 0.598247965388526 0.608640088144684 0.63433265005848 0.687524305560021 0.74701887836744 0.760857123706589 0.77189806237288 0.778402616922304 0.784706444956569 0.790702236294022 0.784236592125052 0.781456579373449 0.785975962195158 0.785440355161894 0.782224971398283 0.774583962352325 0.762993971314234
0.745220118152598 0.741594593693821 0.74132128889854 0.731982768842304 0.710664314680294 0.716859606948452 0.728869512343059 0.693154771168698 0.662240496263193 0.638999922603559 0.621493949625092 0.606514307012034 0.596315018488895 0.583883472726324 0.567097690989226 0.560245921619076 0.55858174554307 0.55988732902027 0.556968883086444 0.543673814916138 0.538020530053484 0.53723199289529 0.536846590684754 0.538514072153437 0.54634350258257 0.55712904063891 0.570189545998117 0.565535303686111 0.562135832664464 0.573028683255355 0.580657668704038 0.585264026590542 0.583740491356296 0.577224205334268 0.550025192392534 0.548436184171323 0.57535019758124 0.585252333669064 0.591769896897658 0.607268119607471 0.626458102178389 0.650595040742551 0.690535161068422 0.734252939095519 0.75402986959576 0.766947079475953 0.768739900325493 0.772130000012164 0.776168817267832 0.778095410543032 0.779332429283237 0.77920374517956 0.780314880709369 0.782083275679646 0.774583962352324 0.762993971314234
0.731830627975771 0.731188054244748 0.728709778197991 0.720563248655825 0.704925964463592 0.710783949614034 0.720322593116953 0.680534355530621 0.6480484610126 0.62723559906323 0.60442214160062 0.5810025558777 0.568816476850223 0.554944510833963 0.537784057431091 0.532692221572697 0.533902681013593 0.535940992230918 0.535179354362277 0.527610113660039 0.522131279169788 0.517983194114812 0.515424815628965 0.516791904241577 0.529751143032067 0.544028902739465 0.559321372448118 0.551484678702069 0.545013526962486 0.556119955761713 0.564751872722008 0.571092173037189 0.575524313633428 0.572822322339919 0.533318326457076 0.525037195260228 0.551505998600389 0.569585575231672 0.586172486812435 0.608625287495587 0.631375361599505 0.654523781908436 0.686345926200235 0.720400208236688 0.743659104537657 0.755059997103162 0.747230799408911 0.753235505287281 0.765010163442819 0.767001019766234 0.768327774661397 0.76833927621821 0.770092522967469 0.77276911246732 0.763785549319667 0.752157038901871
0.719159419536263 0.722948706880186 0.720786222534866 0.716797333239667 0.710394799003873 0.713400228829923 0.716566770804222 0.677891728170265 0.647795468796416 0.631412673095506 0.602289507356666 0.568127902485572 0.550263516349982 0.534655815884842 0.523450001437088 0.523476369252622 0.529368241482213 0.521748445931514 0.514121874364785 0.507316014985832 0.508787317552986 0.515527848905579 0.505381097474322 0.499481765304 0.510455547923373 0.526834384502185 0.547372853468798 0.535919382468243 0.526060668974341 0.539347333007178 0.551461549296615 0.562489975361883 0.565468690142022 0.560519889565489 0.520949871755807 0.513440822148276 0.541614486392356 0.562960269393582 0.582517591333714 0.602175854173503 0.623150088563534 0.645887724039318 0.674821661381483 0.705440317825261 0.729678418274546 0.736106823232269 0.713653296674208 0.727904551859092 0.757289522549872 0.75086058985731 0.748276182666737 0.753305860894055 0.754677759349153 0.754110577133557 0.741986346176 0.730280075092758
0.705101548901281 0.702760317152967 0.703740124619755 0.706741109951997 0.712413138050148 0.712931675907652 0.708511636637569 0.659258055669193 0.622618129676309 0.606141540842642 0.590694129794746 0.575714436958881 0.562264054575927 0.551419486534019 0.545657814112868 0.541141568491007 0.537275691267503 0.526663872064924 0.517160430341369 0.51074943764287 0.508649235108288 0.509293275077065 0.505601863484968 0.503679231777919 0.508155539370458 0.518851140824542 0.534332999061605 0.529392296954366 0.525007554629717 0.533563034046847 0.537983529556484 0.538574664543126 0.535976232351668 0.529852392622169 0.50791948650904 0.507078792579062 0.529712978355879 0.553328373502261 0.577820654290085 0.607348644351361 0.634144140804509 0.65727809746639 0.683152112224114 0.707279907527949 0.691786877091041 0.684136539239945 0.689204673204949 0.699857366702992 0.712923399275378 0.726764371514202 0.737885828809476 0.743621284876582 0.736888784348154 0.723546707753645 0.707512451624692 0.697482710552269
0.693580453112249 0.683207018178941 0.6883947464591 0.697742241841105 0.712586985147288 0.710679491941963 0.699735313772457 0.641071320690393 0.598075720329302 0.580126554628893 0.57944169577359 0.585733023565985 0.576909060779653 0.570404850559859 0.568425544503787 0.557739641095687 0.542507106943652 0.531013279147011 0.520856843768567 0.513695938085535 0.507153521198355 0.501004833343877 0.505295495370252 0.508638659661488 0.506665112177419 0.51116588907338 0.520649189655951 0.523449657858812 0.525700777952804 0.529282284960513 0.525796268982421 0.515765102134905 0.508246219340268 0.501651628142528 0.497428528319023 0.502492374620555 0.517892260652566 0.541928708564048 0.569644918030493 0.608782435652119 0.641151513114384 0.664450884834401 0.688473184693891 0.707823664833941 0.654515934574219 0.635026413681685 0.670379784819071 0.675587586467607 0.66857579617682 0.702760112961734 0.727459216089162 0.733372847002224 0.718234552133589 0.691936104137583 0.671373153158401 0.662807011489079
0.700929256166045 0.68597143971881 0.698124267520878 0.705270964537394 0.705801920481097 0.701316156629867 0.692711862070589 0.650088143225845 0.615526247699273 0.593851438588032 0.584805676227951 0.580798362517451 0.562700415312276 0.547887038723702 0.539480538227647 0.52652089503887 0.511183576885783 0.502645410044183 0.492361232129958 0.477442689990235 0.47665845154231 0.484872089463108 0.485939491258469 0.486019351198846 0.484752907369713 0.491481897684653 0.504364030423291 0.50766407439621 0.510792722589257 0.518276281605595 0.52242506128602 0.523485540593932 0.521640096770704 0.517604549439526 0.504725986478586 0.501704496005261 0.509653575565019 0.523404084502805 0.540055848792421 0.567878466818868 0.592663494089384 0.613378151574099 0.643794922070278 0.674327051694872 0.657606305145109 0.654889327701321 0.674882221994148 0.680404006954217 0.679921306184804 0.691428154897802 0.702142251243458 0.711286300976846 0.697461652754479 0.671460722467437 0.643446592414007 0.632276382754481
0.702945198229544 0.686532068745195 0.704033543150397 0.707557516819157 0.692609834496777 0.683515674476022 0.674902301314443 0.645571375315771 0.618295964327746 0.594306360845637 0.579514190220426 0.568429366216227 0.548862329171209 0.5316137311198 0.518887474979701 0.502520416644384 0.484252112331556 0.478365216088982 0.468252855544528 0.447177348284288 0.448847242524387 0.464996824983988 0.461988768143196 0.458526010271878 0.458135914773376 0.467539688086588 0.484480646822332 0.490152977927431 0.495192693213788 0.503642039526221 0.511179479834697 0.517872414594819 0.519574936402494 0.517366311635954 0.499154969692849 0.491984386842664 0.4971017749899 0.50129879137471 0.507423360430701 0.531229762968371 0.553917790955149 0.575107197716447 0.609206956763608 0.645318132119228 0.645995460078872 0.651187854244312 0.663702318178255 0.674290639052829 0.683816341059933 0.680138195594605 0.679659445771624 0.685517101232951 0.672540673956528 0.649579827698843 0.621137095101923 0.610009576286347
