layers/veg/veg_4700.asc
NCOLS 255 
NROWS 330 
XLLCORNER -2985163.8955 
YLLCORNER -3022031.214 
CELLSIZE 25000 
NODATA_value -9999 
[rows 125 to 149 of 330, columns 168 to 223 of 255]
0.394540515959769 0.395086525506246 0.337217295922661 0.316752271099018 0.345717943220109 0.358850015983166 0.363165608728624 0.318532039091149 0.283250757430884 0.262919411856628 0.269809648305895 0.287797548663558 0.286542794248228 0.289256421580097 0.299710765465174 0.305682947933331 0.309314522231212 0.34302623123765 0.369560477247025 0.376911906447613 0.379669978735437 0.379503926954635 0.344080259031705 0.323879484628965 0.358272510291829 0.338696833484256 0.277587813178497 0.2829205771724 0.301732663365831 0.339157180025758 0.370676652312451 0.396727531657724 0.421317289578307 0.445628322062063 0.46996858245321 0.484064885441862 0.486760029289076 0.50648549842255 0.52950597504905 0.542776445504018 0.558468005010766 0.577403822390585 0.579087534045847 -9999 -9999 -9999 -9999 -9999 -9999 -9999 -9999 -9999 -9999 -9999 -9999 -9999
0.386206765613877 0.374418534357156 0.302066821294924 0.273504193928193 0.302810061250575 0.332148400518746 0.356847950584155 0.316596698740937 0.284439913167984 0.265222394829499 0.269776269563401 0.284103724630501 0.285494054728036 0.288448328729611 0.294453228209658 0.304720663790987 0.317214018052327 0.345396060854565 0.369029506069193 0.380715189713479 0.388731936876716 0.394413044621058 0.359211599774083 0.336455601104914 0.361138679421528 0.345038407322205 0.297552001699294 0.304413415734527 0.318362757747746 0.331898777741128 0.362330481373872 0.408409081194134 0.429123454587241 0.444747779160287 0.459510732238643 0.470139208097887 0.476166158307459 0.501387467135544 0.529884451498255 0.543823819359327 0.562945853793434 0.589012658317976 0.595649845504364 -9999 -9999 -9999 -9999 -9999 -9999 -9999 -9999 -9999 -9999 -9999 -9999 -9999
0.36696878471337 0.343756311291327 0.27997989877816 0.248340357864657 0.259170586619831 0.299821368088415 0.344596571549285 0.307225809995339 0.279628231379111 0.267653403113579 0.270356329115083 0.279270660214454 0.288478262641305 0.296425493589486 0.301914246752607 0.312830203167578 0.32658027354932 0.339301524266575 0.354876378987052 0.377400756794212 0.395562582404742 0.410947213880118 0.381442730836253 0.356745106161658 0.357141832695036 0.344494879854581 0.321809745788437 0.330445017501321 0.337094637288367 0.319399472532198 0.345520716548118 0.412219827313944 0.426202248603756 0.430226409001444 0.435838613952625 0.445604020230483 0.459991791421763 0.496986155358591 0.536323126173985 0.546168336482438 0.562945853793434 0.589012658317976 -9999 -9999 -9999 -9999 -9999 -9999 -9999 -9999 -9999 -9999 -9999 -9999 -9999 -9999
0.329545192323152 0.311715894364562 0.268834692043796 0.252433532964899 0.271026487541749 0.296735601686286 0.320972529920667 0.291293514322789 0.270704433518991 0.264645908716957 0.267842430412312 0.275094373558016 0.28903884667073 0.300487124748823 0.307066330379901 0.319317956383807 0.33453175001955 0.349808526932634 0.365263732083874 0.381145585197674 0.394656722832675 0.406658666576786 0.397675107405445 0.386514839328083 0.37360512060482 0.373470729203623 0.383168000111887 0.396967607428804 0.405399574460279 0.390359858006077 0.402990667042927 0.441246828036759 0.445381287142188 0.444640049646747 0.453469666888356 0.464263985144389 0.477244945539848 0.503945190276721 0.530955342873582 0.531010154500638 -9999 -9999 -9999 -9999 -9999 -9999 -9999 -9999 -9999 -9999 -9999 -9999 -9999 -9999 -9999 -9999
0.288189419968566 0.277035981121592 0.259849792024025 0.261839077818173 0.289169287025262 0.295838664987955 0.294219668128129 0.273652240687039 0.260487859756275 0.259157489116987 0.263289321381445 0.269960009169274 0.287396403563383 0.301848907521857 0.310481041475763 0.323875613691436 0.339757156113902 0.361311076804437 0.379038627295438 0.387181682588532 0.394616433762377 0.401600279604382 0.406879724071037 0.407008640612797 0.391838963080778 0.405698677911488 0.441898891389639 0.459453222879002 0.470508982810148 0.46555651623076 0.466772849406493 0.473702036316367 0.47091364960225 0.469069109569853 0.482642223849394 0.493913054473939 0.502621525523177 0.515931027570127 0.529619746629128 0.536511247230803 -9999 -9999 -9999 -9999 -9999 -9999 -9999 -9999 -9999 -9999 -9999 -9999 -9999 -9999 -9999 -9999
0.242699186416001 0.230921989508004 0.252376161526461 0.273081556687598 0.29279742240543 0.281956251299864 0.261700243120913 0.253140777383286 0.247419375586485 0.246234711177026 0.251525058957233 0.259750176429343 0.277228776913789 0.293518816856296 0.307490453266183 0.320563207452239 0.333166560632505 0.364267403166132 0.389279954195447 0.398455432266505 0.404873166318157 0.409535324694891 0.387503132988191 0.37586681862002 0.402122106328705 0.429768687050537 0.458485981871032 0.470389195629158 0.480803156490483 0.494139124953145 0.50114083713048 0.502276468204667 0.508949382733484 0.517929326301484 0.533604444376769 0.541215392649329 0.539851207616275 0.542707588738306 0.545867136214565 0.542427415542972 -9999 -9999 -9999 -9999 -9999 -9999 -9999 -9999 -9999 -9999 -9999 -9999 -9999 -9999 -9999 -9999
0.22264620616218 0.20998916693241 0.248427066208379 0.273959429500736 0.282436768038271 0.262005402020522 0.234120796804855 0.237608818671036 0.239763104983168 0.239785371693546 0.248269468529587 0.260347688943687 0.27321394746148 0.286739498461614 0.301551063902034 0.318223473044933 0.335867624516697 0.371244927149278 0.400100758590671 0.412121600000093 0.420143976890365 0.425620937310713 0.396165008558297 0.383108611854073 0.428156023858742 0.45709785392996 0.473645117593978 0.483167552836681 0.494422978736758 0.516252081273538 0.524165399459404 0.519191471544181 0.526842679123362 0.539220274614752 0.563958897573975 0.575380275250372 0.571980034012377 0.572771071563746 0.575354313541697 0.583532685897218 -9999 -9999 -9999 -9999 -9999 -9999 -9999 -9999 -9999 -9999 -9999 -9999 -9999 -9999 -9999 -9999
0.228862133981729 0.215060795657844 0.248117738499787 0.264133832072344 0.257629969363999 0.235787713518267 0.211642838632914 0.227219166277354 0.237695996817374 0.240021115608607 0.253800735703243 0.272105885973279 0.275553076987025 0.281561653848241 0.292566464210093 0.316888211354767 0.348164132643913 0.38237511924569 0.41151998612827 0.428258404371917 0.440592797562146 0.450123595059267 0.433782050567737 0.429988948136602 0.47045567719138 0.487792734633633 0.487329612488292 0.497848530086468 0.511477179507989 0.531683864032515 0.53547567033396 0.524065848754016 0.523934994647964 0.532040594860332 0.573031825630242 0.595978181545149 0.598841235487411 0.606228939853876 0.612204350415779 0.596950904209168 -9999 -9999 -9999 -9999 -9999 -9999 -9999 -9999 -9999 -9999 -9999 -9999 -9999 -9999 -9999 -9999
0.208606408405145 0.191735395248142 0.217583083786817 0.23171439088618 0.230362174035962 0.221626853196296 0.212125345848033 0.226523345773847 0.237543342120915 0.243163490032648 0.254745885220536 0.26869040783039 0.275206675452121 0.284700486813988 0.300002288330393 0.319393652185614 0.340920606916018 0.370961472636758 0.397553562371381 0.415296260947411 0.416566305545448 0.407349883516569 0.403106159723385 0.408197684290539 0.440579343721611 0.469542867837172 0.495875856444489 0.503471770515559 0.511963898220332 0.53386170305632 0.539938413770553 0.53136339315624 0.53742197959643 0.551024913290067 0.590197960793114 0.613139245032436 0.618015155818447 0.620127971071378 0.621360712188647 -9999 -9999 -9999 -9999 -9999 -9999 -9999 -9999 -9999 -9999 -9999 -9999 -9999 -9999 -9999 -9999 -9999
0.184722843217767 0.16503745492808 0.183797350750052 0.197472125490379 0.204426771284582 0.210788629958275 0.217295974548659 0.228613797030519 0.238782534297667 0.247114421527778 0.255325988114798 0.263566415220605 0.275544163037772 0.290362814387734 0.310722925809648 0.322441141121621 0.329646513017194 0.355322979029322 0.379074571955188 0.397037114296382 0.387513751060295 0.360492901873749 0.365479711733874 0.376876625847528 0.400358417162201 0.442936043943496 0.500209482510418 0.504146691260524 0.5066676578635 0.531593591138663 0.543278982969 0.542702463303133 0.558178119070507 0.57865211043962 0.609340987445376 0.628879337786479 0.636007549738719 0.645698420861627 -9999 -9999 -9999 -9999 -9999 -9999 -9999 -9999 -9999 -9999 -9999 -9999 -9999 -9999 -9999 -9999 -9999 -9999
0.178428291785047 0.160744258467521 0.176165293182682 0.186917549579856 0.191499885573172 0.203316900059642 0.217710733249232 0.23419315746554 0.246443389811439 0.25192832599446 0.260747968713757 0.271051548712455 0.284831527862633 0.299924732826609 0.317579513123437 0.323043592599142 0.322141624248998 0.346930305167195 0.370422662022374 0.389195406468711 0.395295195006715 0.393327398966386 0.389637957367192 0.390376256279528 0.40500788838379 0.437616044528398 0.484058610501187 0.485588925636487 0.488453734626066 0.520220215596737 0.549917737342186 0.577699220003084 0.602251673201142 0.623343077929172 0.629017383988429 0.640432116504262 0.658235738879713 0.658649022545681 -9999 -9999 -9999 -9999 -9999 -9999 -9999 -9999 -9999 -9999 -9999 -9999 -9999 -9999 -9999 -9999 -9999 -9999
0.176880770431528 0.162402308424942 0.173959186111479 0.182136113456407 0.185846342415509 0.197592999886475 0.212588201789129 0.235297692576327 0.251456985480833 0.257145574324945 0.264336502023527 0.272266467422452 0.285067398624697 0.298673345000268 0.31384955217097 0.318897028400247 0.318655228275817 0.346253157932621 0.371623253019762 0.389892849831089 0.40318278794865 0.413302682867626 0.40880125325954 0.407565862005048 0.419685694548552 0.44608914537231 0.483485012120015 0.488070154123395 0.494032095948463 0.522704152916523 0.55840230835028 0.600607251887001 0.627216485792037 0.646978099487066 0.645978841793456 0.654741969746521 0.674370284656603 0.679702999882567 -9999 -9999 -9999 -9999 -9999 -9999 -9999 -9999 -9999 -9999 -9999 -9999 -9999 -9999 -9999 -9999 -9999 -9999
0.181228837920326 0.171451527470056 0.178491855216214 0.184524646333773 0.189225949773181 0.19403982230318 0.200588615508793 0.230844704390921 0.253182808513264 0.262863756827613 0.265647979742586 0.265694073288401 0.27406173804767 0.28399233766401 0.296971594514063 0.308852409340365 0.32015961198803 0.355158333105765 0.385060188338528 0.401195518700572 0.411202212967303 0.417307426758097 0.421761055710834 0.429338244078294 0.446818222636621 0.471692630189206 0.502257657403431 0.516680827097622 0.529159359435779 0.542398223251897 0.569179297096658 0.608501654205865 0.62844913710886 0.644462623190927 0.659568472948043 0.672475980310882 0.682936811013544 0.68322617371159 -9999 -9999 -9999 -9999 -9999 -9999 -9999 -9999 -9999 -9999 -9999 -9999 -9999 -9999 -9999 -9999 -9999 -9999
0.185296712649847 0.177599725031464 0.182523459117394 0.189017504740145 0.197586760735193 0.199378661681001 0.200288462695371 0.220639639311173 0.238333783876935 0.251780576412544 0.258186165227006 0.261703343787384 0.269360652179795 0.278273236698469 0.289634360019204 0.302114026677679 0.315177802526249 0.352284188073823 0.382911943416997 0.396417206674892 0.409633681150544 0.422666313123872 0.441945006617881 0.461294009171901 0.479403710944188 0.495625038069675 0.510393106004768 0.531740739231804 0.550722350079269 0.55685039850225 0.57652030381328 0.608731165349359 0.620504796615776 0.629445200359824 0.64459190989936 0.654067097547205 0.657230083658016 0.656526224233077 -9999 -9999 -9999 -9999 -9999 -9999 -9999 -9999 -9999 -9999 -9999 -9999 -9999 -9999 -9999 -9999 -9999 -9999
0.190066381265398 0.183410933465178 0.186910097384211 0.194296990050172 0.206821624387853 0.207424948422464 0.20465908448372 0.210700885009241 0.220611541904606 0.236706691364363 0.24860530836381 0.258682029208326 0.266519211152896 0.275074842703108 0.285031880445898 0.296340289524734 0.308354391793976 0.345643077613994 0.375919301934929 0.387708569606593 0.406831103869748 0.430621984562124 0.465805100632986 0.497051803867662 0.513651905570081 0.520233967313022 0.519106325546906 0.546056320484579 0.57080354695719 0.572047912500115 0.584653350553676 0.607780145774379 0.61072473446538 0.611526248755903 0.622019763088703 0.627038731290209 0.625964724949002 0.636388890832748 -9999 -9999 -9999 -9999 -9999 -9999 -9999 -9999 -9999 -9999 -9999 -9999 -9999 -9999 -9999 -9999 -9999 -9999
0.20365028678281 0.195470218665048 0.196996387415462 0.201106511178927 0.208631403361843 0.215043198761765 0.220861072643767 0.223599268475714 0.227989396147959 0.235020190520277 0.245621615992258 0.257586477963565 0.262703682358759 0.269119144809837 0.278066986518684 0.289937349302361 0.3033338679 0.337552025572844 0.368569839499605 0.390575255344841 0.423333649472632 0.46293737332389 0.505826715855144 0.540161691493826 0.54766428041302 0.558176691160676 0.571005406695137 0.598834469472094 0.62114829286039 0.613677197880891 0.61350529001152 0.620093074463764 0.612103486276717 0.604328839352311 0.613147343128227 0.628420862161751 0.650878582897878 0.652182520073025 -9999 -9999 -9999 -9999 -9999 -9999 -9999 -9999 -9999 -9999 -9999 -9999 -9999 -9999 -9999 -9999 -9999 -9999
0.214934949550341 0.205841366239346 0.206044049296592 0.20852727212081 0.214024291677642 0.225151943225508 0.237238080063349 0.236324184616664 0.236383219333218 0.237997514515664 0.246346712731169 0.257376638071811 0.260601081472262 0.265743143907553 0.274625709739779 0.287177927192475 0.301646455943667 0.333025252581638 0.364933129986135 0.39707007685955 0.442039265343024 0.495177439441821 0.54387682574719 0.581832904392249 0.588083811586074 0.601270977576685 0.619796163679176 0.640031635198261 0.653576188063041 0.639651152642774 0.630420197690325 0.625536376085277 0.61709385771883 0.610341664344858 0.616552768963461 0.63524203418196 0.667819046996634 0.675219822914747 -9999 -9999 -9999 -9999 -9999 -9999 -9999 -9999 -9999 -9999 -9999 -9999 -9999 -9999 -9999 -9999 -9999 -9999
0.222772492728987 0.21368158823906 0.213534557005099 0.216864429008032 0.224789125344543 0.238994539229205 0.253877483577473 0.248789031386567 0.246300225071309 0.247967037122582 0.25263217911543 0.258494693181666 0.261066572773981 0.266234731162931 0.276467185161052 0.289881017754931 0.30495618291614 0.333842193791097 0.366862732827583 0.409004349213813 0.464047815049011 0.527304578744581 0.578971173511302 0.621347196784438 0.638109215864848 0.65208869912962 0.663926792838283 0.66386611303041 0.659142401512327 0.642153989859679 0.629438614848142 0.620680449391191 0.627498918313496 0.636159817749586 0.638365647754205 0.650217641087003 0.672805470082502 0.676756366113026 -9999 -9999 -9999 -9999 -9999 -9999 -9999 -9999 -9999 -9999 -9999 -9999 -9999 -9999 -9999 -9999 -9999 -9999
0.227431787264415 0.221550708492017 0.228821772595752 0.237915424387782 0.24941767650305 0.259726772071767 0.268446822361214 0.260561660635095 0.254603770313379 0.251726685927752 0.251448406491984 0.252262248512972 0.252769235863667 0.253881645787251 0.256174991626324 0.272137060715554 0.295237008685219 0.333966279215013 0.376684129682828 0.428058225727604 0.485964472573687 0.548029076747703 0.599401866700716 0.641806394782322 0.659370033823264 0.670872194968329 0.677709551661333 0.681294762975741 0.681234999094833 0.668409462282133 0.652329146671296 0.633234618255887 0.641987007822231 0.653779125370975 0.652648834485784 0.65944919185712 0.675076077816464 0.678337471156703 -9999 -9999 -9999 -9999 -9999 -9999 -9999 -9999 -9999 -9999 -9999 -9999 -9999 -9999 -9999 -9999 -9999 -9999
0.231735954185911 0.230529718721584 0.247505282949506 0.263740864756146 0.27899853921131 0.28271399166052 0.281890546280333 0.271758580885734 0.262076966387888 0.25311525242552 0.247564492720313 0.243497451454741 0.241385518651018 0.236816419409765 0.22745437681562 0.246500101377146 0.280380510752297 0.333414958432792 0.388888743023216 0.449062067938322 0.507218367853975 0.564090632703349 0.613641895355945 0.654182799566539 0.66897009412016 0.677432873624607 0.681028420011107 0.69710835289216 0.710070393842854 0.70408998174524 0.684736983938647 0.652999789977977 0.658277987794136 0.668178508084477 0.664067761791516 0.664977070628243 0.671473521736613 -9999 -9999 -9999 -9999 -9999 -9999 -9999 -9999 -9999 -9999 -9999 -9999 -9999 -9999 -9999 -9999 -9999 -9999 -9999
0.259811706173031 0.268776988400661 0.275149426667722 0.283828910267855 0.295557218443426 0.293739076534689 0.286990371052823 0.274855200178624 0.264298479770833 0.256264963700339 0.249843181183627 0.244124008725733 0.23940028575877 0.228516590368935 0.205617266559606 0.224375600293119 0.26488778100572 0.322113810872608 0.382068618408461 0.447572563313834 0.511775371712038 0.575149878576213 0.616275563698976 0.650460265427216 0.668671308174052 0.69330869360363 0.72289167686791 0.73687451946998 0.745744935957825 0.742511161269546 0.721094162891304 0.682837892453752 0.679908878940609 0.682521147822431 0.677908865346429 0.674733761387719 0.673158185848205 -9999 -9999 -9999 -9999 -9999 -9999 -9999 -9999 -9999 -9999 -9999 -9999 -9999 -9999 -9999 -9999 -9999 -9999 -9999
0.282492206986594 0.295184525543525 0.295499968490511 0.30032880125046 0.311122204182928 0.307112561184874 0.297780252637938 0.283473524931583 0.271636359288023 0.263746868811137 0.255614692203528 0.247364511961288 0.238392156055371 0.222381737446859 0.192642889484755 0.208514463430963 0.248204038613192 0.313180328086249 0.379958375748418 0.449517551239515 0.516933699851694 0.582985600791555 0.62607700609449 0.661565282173235 0.679227755746769 0.710935852687222 0.753453208943553 0.765303915335343 0.771227121254464 0.769727044806742 0.749469095165141 0.711839697239587 0.700136738163385 0.693576031283102 0.68756591794285 0.684459304254943 0.684584182099345 -9999 -9999 -9999 -9999 -9999 -9999 -9999 -9999 -9999 -9999 -9999 -9999 -9999 -9999 -9999 -9999 -9999 -9999 -9999
0.295335880524036 0.300005411721 0.302552537752222 0.310286632334943 0.324875450127971 0.324767737683843 0.318944462360253 0.302159233228521 0.288302592263642 0.279127394601557 0.267754450241042 0.255370860962939 0.239165518073202 0.22019415138077 0.195827384850306 0.204072930593909 0.229348796636118 0.308563661825882 0.386435369120405 0.457724436695142 0.523188385307197 0.584944071991236 0.648947006938983 0.699704454011396 0.709575878207579 0.731756119880033 0.763409006268718 0.773063679374484 0.778126213691607 0.776513006240732 0.76329049149986 0.739316732248682 0.717806536185239 0.698636552371152 0.689594449592019 0.684769381435472 0.684637722373474 -9999 -9999 -9999 -9999 -9999 -9999 -9999 -9999 -9999 -9999 -9999 -9999 -9999 -9999 -9999 -9999 -9999 -9999 -9999
0.299123322061729 0.298115462745394 0.303092379187884 0.314898906183662 0.335730953483289 0.341674041475503 0.341464734517889 0.325093279813616 0.310181492806831 0.297603032023257 0.282880347549937 0.267267373516533 0.252413784798267 0.238525718356712 0.226520997506874 0.230303156350598 0.242329306464783 0.31997193712115 0.397507891216733 0.470721419503115 0.540078820425696 0.60698141649633 0.674222396715849 0.725752707132757 0.729329053008403 0.742506377900999 0.763072443696682 0.770688381109219 0.775495708220439 0.775955070866371 0.772089499064722 0.764218655753287 0.749665979987518 0.73153995343638 0.701038951081828 0.684973120199753 -9999 -9999 -9999 -9999 -9999 -9999 -9999 -9999 -9999 -9999 -9999 -9999 -9999 -9999 -9999 -9999 -9999 -9999 -9999 -9999
0.298495080352821 0.292953410939716 0.300456711962554 0.316904766290953 0.345173560900566 0.358215206137822 0.364646202433006 0.350098752595107 0.334602012077197 0.317587799575125 0.299462241696481 0.281060671623249 0.271744628440553 0.266862117400189 0.270627644232585 0.271488472764187 0.270832452627789 0.339193734194231 0.410821124372351 0.48605398212275 0.56215508797464 0.638808919255737 0.700670618152784 0.745905609161603 0.743916289825074 0.748346650091826 0.757717480407072 0.76337137807954 0.768218713366963 0.771816361269098 0.778439664997701 0.787864993410618 0.788444082802679 0.77801912626361 0.717074538607966 -9999 -9999 -9999 -9999 -9999 -9999 -9999 -9999 -9999 -9999 -9999 -9999 -9999 -9999 -9999 -9999 -9999 -9999 -9999 -9999 -9999
