layers/veg/veg_2800.asc
NCOLS 255 
NROWS 330 
XLLCORNER -2985163.8955 
YLLCORNER -3022031.214 
CELLSIZE 25000 
NODATA_value -9999 
[rows 200 to 224 of 330, columns 57 to 113 of 255]
-9999 -9999 -9999 -9999 -9999 -9999 -9999 -9999 -9999 -9999 -9999 -9999 -9999 -9999 -9999 -9999 -9999 -9999 -9999 -9999 0.235660386424613 0.238911648630641 0.17633090484086 0.121910096136516 0.103337385715442 0.0938438838120124 0.0910527018286231 0.125041430627752 0.154725851212163 0.151963525341137 0.156214070433631 0.166698877932716 0.165809575672028 0.163513941312406 0.164455207186354 0.170322882659757 0.181453847470001 0.194125289493445 0.206028295329709 0.209460111493244 0.213922264389311 0.219708859431975 0.233551096391309 0.249139455330845 0.253906617049492 0.254413854965228 0.248303684761332 0.248291280565061 0.251077284577242 0.264527022494741 0.27363911986447 0.274541987153089 0.277208468194841 0.280768411935257 0.289156822488257 0.293977177799284 0.290254596474172
-9999 -9999 -9999 -9999 -9999 -9999 -9999 -9999 -9999 -9999 -9999 -9999 -9999 -9999 -9999 -9999 -9999 -9999 -9999 -9999 0.229143147512538 0.221903449515215 0.178783823756514 0.139374676138099 0.117376327338178 0.0878801357750071 0.0528489968855557 0.111075708456123 0.165214916992625 0.162554124316431 0.163631408076156 0.168031745905837 0.167694333669789 0.166254506205464 0.163556910123303 0.164081821157379 0.168049602095058 0.19031633297034 0.213359740661197 0.20873937120091 0.211335837654362 0.2232091563712 0.224986548860101 0.224918516141557 0.242728656197314 0.2502176268372 0.241673589973523 0.243265082788912 0.249024073435907 0.255513590138501 0.263030285120765 0.272490973096285 0.27532846311217 0.274810581061873 0.284364025087507 0.290556888657827 0.28846401060693
-9999 -9999 -9999 -9999 -9999 -9999 -9999 -9999 -9999 -9999 -9999 -9999 -9999 -9999 -9999 -9999 -9999 -9999 -9999 0.164476404666781 0.171645569836736 0.183185951815044 0.16349713723636 0.140464105900214 0.113607783291638 0.0847821093618455 0.0545026498334399 0.107852013113414 0.157986717250518 0.158868171831318 0.162127313354632 0.167500157582225 0.164859965429991 0.161486782962693 0.161694273783469 0.16165470708098 0.161351188467561 0.177279261685625 0.19580823694095 0.203883365926782 0.210392624101427 0.214889040034323 0.216030079850992 0.217270004246214 0.233415521369965 0.240793541567229 0.234552044600705 0.240846630848363 0.252051476114505 0.25558104722794 0.259517624083496 0.264224482326965 0.26857509933041 0.272745241295529 0.276261330274994 0.28016062978353 0.284983319499606
-9999 -9999 -9999 -9999 -9999 -9999 -9999 -9999 -9999 -9999 -9999 -9999 -9999 -9999 -9999 -9999 -9999 -9999 0.160521886652084 0.162723808684593 0.157950077794123 0.148923119284633 0.14542019314857 0.135676424509202 0.106884965902148 0.0838521767714805 0.0650704680152217 0.106206452887669 0.14521550484166 0.149593736209135 0.156367242082746 0.165270085553574 0.160313589153348 0.154712979343714 0.158451520281319 0.158814554270248 0.155571256026599 0.163441371210846 0.175356199853803 0.196790802043542 0.207963015465982 0.205943483142562 0.208331053588366 0.212619313724114 0.22288637094489 0.228751769594527 0.227779587922049 0.239096005622468 0.255029459459233 0.256546159015476 0.257183594375815 0.256156972512697 0.261997464612141 0.271316898833757 0.269477689787714 0.270799021026413 0.27998603807575
-9999 -9999 -9999 -9999 -9999 -9999 -9999 -9999 -9999 -9999 -9999 -9999 -9999 -9999 -9999 -9999 -9999 -9999 0.159531147044319 0.158465425822044 0.151686707009317 0.141424632673113 0.129148788654921 0.116102989142751 0.101210453325422 0.0911887275084167 0.0847626594878437 0.102912045746597 0.120512066412325 0.125113340658506 0.137299018204495 0.156227035744243 0.15141496865794 0.1445915774654 0.149185170897431 0.150538401054319 0.148429684101606 0.153785237146223 0.162486389413354 0.182214892825675 0.196670909368797 0.204349429190247 0.207245412850564 0.208231116720514 0.204645859479177 0.208294965037083 0.223182001915583 0.238363952857339 0.253261715207597 0.253942465514297 0.254438656523799 0.254585558624357 0.260611457228394 0.269615708701417 0.27219866254462 0.272771453770395 0.268927812460548
-9999 -9999 -9999 -9999 -9999 -9999 -9999 -9999 -9999 -9999 -9999 -9999 -9999 -9999 -9999 -9999 -9999 -9999 -9999 0.15523213636096 0.148401515475748 0.137406096581687 0.116023379377018 0.0976266600396912 0.0897894698421468 0.0862910539048478 0.0859955441566173 0.0977241367741006 0.108701317215475 0.111517777929574 0.123305624888907 0.143068804104399 0.139338210877042 0.133792712257998 0.140431290043289 0.143795124829624 0.14366028181434 0.1470237945829 0.152452271532225 0.166709823409438 0.182652416255551 0.200761038136145 0.205670348211634 0.205893394652454 0.20087528727132 0.202829499050737 0.215614580949042 0.232833576089059 0.251360380993101 0.252110406145354 0.253002302389093 0.25416269769794 0.258630459163453 0.264773762275515 0.270370970061811 0.27189018543783 0.26390855188775
-9999 -9999 -9999 -9999 -9999 -9999 -9999 -9999 -9999 -9999 -9999 -9999 -9999 -9999 -9999 -9999 -9999 -9999 -9999 -9999 0.148276729311627 0.137080439051735 0.106236459603388 0.0803145659383483 0.0722704056268622 0.0684105793900485 0.0676396507775469 0.0905268681055399 0.11057212337163 0.109473059254422 0.114697576244099 0.125543594638085 0.123888854842452 0.122274931712656 0.132221234176314 0.138678517876696 0.141408195318997 0.143334161266723 0.145427353982761 0.150218741187292 0.165740716441879 0.195056282298978 0.203575913247892 0.205731610111831 0.212460027779153 0.213272647999383 0.204895609467098 0.222211279840911 0.249317282834828 0.251097194954792 0.252954600399766 0.25495866634548 0.256018064669691 0.256598885821918 0.263716292755488 0.267980606367631 0.265297763047469
-9999 -9999 -9999 -9999 -9999 -9999 -9999 -9999 -9999 -9999 -9999 -9999 -9999 -9999 -9999 -9999 -9999 -9999 -9999 -9999 0.135979303357897 0.135988936525186 0.102467299674981 0.0726727451585235 0.0598983971879115 0.0547673709928643 0.0552786855031881 0.0765756662866642 0.0941070654781861 0.0883276434045857 0.0949857194847467 0.112700412402057 0.115274739983244 0.116533953852829 0.124911067364432 0.131759892622752 0.136975921601197 0.139892665425607 0.142328960002718 0.145420906907792 0.155057626189042 0.17310729640294 0.187788875927142 0.201183637131356 0.212095482394046 0.216033482798426 0.209138243049805 0.214187717638273 0.224262662859356 0.23920460892597 0.249723948703246 0.251873255927687 0.252805547133313 0.253121287002482 0.260975358459951 0.266282307456878 0.265313277588384
-9999 -9999 -9999 -9999 -9999 -9999 -9999 -9999 -9999 -9999 -9999 -9999 -9999 -9999 -9999 -9999 -9999 -9999 -9999 -9999 0.133280924279175 0.135015994072615 0.101226807212218 0.0697214491704674 0.051441980967119 0.0442178304899365 0.0451547742396871 0.0619908164913517 0.0747490172003595 0.0652083534623684 0.0754131944662246 0.103171282713836 0.109357422826773 0.112223825642304 0.117937751207248 0.12376585076938 0.129715931821237 0.133532458810228 0.136958928170618 0.141404555869897 0.145449871483424 0.148980607560551 0.169618635165082 0.194869993264874 0.208533669124749 0.216625201611729 0.21606091101231 0.208449152378789 0.198969295820493 0.225140204577065 0.243638297572114 0.247615152750745 0.249603877286391 0.250585396833745 0.258791415708318 0.264460374202497 0.263890465604316
-9999 -9999 -9999 -9999 -9999 -9999 -9999 -9999 -9999 -9999 -9999 -9999 -9999 -9999 -9999 -9999 -9999 -9999 -9999 -9999 0.131783417229209 0.131107912993158 0.107628216188525 0.0835966070381617 0.0622295662272528 0.0485696315360642 0.0405991234916683 0.054810858278258 0.0669917239687794 0.0617122108546256 0.0765775469283993 0.109351137215317 0.110848639751112 0.108024476407097 0.111807890675281 0.111176433935365 0.105828206689189 0.105570708650295 0.108143724520179 0.122280071148616 0.132572744013228 0.137924582129502 0.158496023768781 0.183547583038259 0.203020374312204 0.215138975473854 0.215833504371779 0.21466001964523 0.212826643850504 0.214658073267059 0.222508586325348 0.241750555625407 0.247547015465939 0.246531858451439 0.253692624339316 0.257813590146829 0.254480230184309
-9999 -9999 -9999 -9999 -9999 -9999 -9999 -9999 -9999 -9999 -9999 -9999 -9999 -9999 -9999 -9999 -9999 -9999 -9999 -9999 0.128694229992749 0.12872838229494 0.110724784119916 0.0902280158502566 0.0659017676308547 0.0479626808745627 0.0347386306133053 0.0448516587547717 0.0549483332318894 0.0545867876967553 0.0706727584980626 0.101380149444047 0.102832620785214 0.0994729173281088 0.0984106577783245 0.0946521801912694 0.0880131106926246 0.0890447664020923 0.0935165352749553 0.109335230084458 0.123324832439403 0.134963235365704 0.152441321687932 0.172200319061412 0.196890935340892 0.213471645550976 0.217454346792828 0.21972616417275 0.22103487872955 0.213102934718877 0.213732018433082 0.230563331343162 0.23986852176589 0.245360910379791 0.251029507008337 0.253196089459649 0.247175747906466
-9999 -9999 -9999 -9999 -9999 -9999 -9999 -9999 -9999 -9999 -9999 -9999 -9999 -9999 -9999 -9999 -9999 -9999 -9999 -9999 0.128641420079905 0.128590562963007 0.109602179277272 0.0876115884179033 0.060490012064587 0.0410250686430577 0.0272122922930779 0.0313443009053909 0.0374330345709937 0.0428279914119135 0.0557430498418737 0.0753432856940562 0.0826790526061402 0.085365047058902 0.0757354295997811 0.0731044604058002 0.0779507238784434 0.0871185125305734 0.0970026783451138 0.104279719828349 0.118710211451403 0.142336076353522 0.152856638804502 0.160821325187457 0.189974887082106 0.211573106880516 0.221434782917255 0.223330881978612 0.222031092189095 0.222944569662304 0.220726268382483 0.212580898673727 0.225013091006034 0.247870062619209 0.251475927911716 0.251169302523225 0.242559605613967
-9999 -9999 -9999 -9999 -9999 -9999 -9999 -9999 -9999 -9999 -9999 -9999 -9999 -9999 -9999 -9999 -9999 -9999 -9999 -9999 0.116770665287505 0.117494623019103 0.102359746781078 0.0851618843355754 0.0649695787398855 0.0472507719184773 0.031357915021542 0.0323381034955159 0.0355635630877488 0.0396493683013373 0.0481789965058724 0.0606590693654005 0.0711496345846705 0.0785964410526533 0.0724963567048612 0.0713850521092479 0.0756036720242554 0.0855441647363915 0.097104777618131 0.110160862418667 0.1258720181004 0.144996123807333 0.150939912819956 0.154255719723619 0.178158297211155 0.199010094839043 0.215122780607546 0.222730222814212 0.226812183343313 0.229286597613614 0.228351542284784 0.220963872894101 0.223907771324946 0.232085735577088 0.240909682631052 0.245792990569278 0.24144455086448
-9999 -9999 -9999 -9999 -9999 -9999 -9999 -9999 -9999 -9999 -9999 -9999 -9999 -9999 -9999 -9999 -9999 -9999 -9999 -9999 0.102890186582123 0.103867965421049 0.0936848379117932 0.0827680671362982 0.0718172802685874 0.0569111204133884 0.0390850832237591 0.0378980826638815 0.0386599277595759 0.039280336658845 0.0432047335432297 0.0500662909991655 0.0622699112080702 0.0734586483196433 0.0746757577907084 0.0754848514807137 0.0758580282891928 0.0841612899999684 0.0958929610798053 0.118412158008414 0.135324404298804 0.145029218781051 0.147732791683706 0.149281754214246 0.164803726487224 0.182769531693024 0.204531611348998 0.219744436762386 0.231990815442964 0.234159089811182 0.235965754161667 0.237088051100306 0.228098071418496 0.213985120823763 0.22838705868654 0.239400301913164 0.241262246566656
-9999 -9999 -9999 -9999 -9999 -9999 -9999 -9999 -9999 -9999 -9999 -9999 -9999 -9999 -9999 -9999 -9999 -9999 -9999 -9999 0.102096891977731 0.101797684927926 0.0915088325110325 0.0804042838781596 0.0688101557711904 0.0569341193146923 0.0448499766182062 0.0424508018340533 0.0411512325212755 0.0396396941568563 0.0410405419730424 0.0450304264011474 0.0519817079619992 0.0594572974094178 0.0668878954524301 0.0729951509163847 0.0776885704528287 0.083744628951399 0.0918663021139702 0.112718310577058 0.126548478157074 0.131352449039832 0.137858332938166 0.144906623289042 0.151852418548291 0.163346037642086 0.181904291635878 0.204021205562956 0.227152036986411 0.234760450508612 0.240959988032058 0.244493148039396 0.243196269775054 0.239452450381346 0.235190518300847 0.23371106080588 0.238752803588413
-9999 -9999 -9999 -9999 -9999 -9999 -9999 -9999 -9999 -9999 -9999 -9999 -9999 -9999 -9999 -9999 -9999 -9999 -9999 -9999 0.0985947352942922 0.0993359945606749 0.0894105093198928 0.078554740202964 0.067005019476216 0.0573549684841689 0.0491072637736992 0.0454902048051226 0.0425401236489059 0.0400156464375751 0.0399648304494756 0.0421130358394745 0.0456928838393315 0.0505325952217208 0.0604272156765771 0.0693158994875553 0.0771298582874732 0.0824571055572985 0.0888798682597294 0.1079095935057 0.120345395811798 0.124305066793792 0.132263622130086 0.141112696345193 0.144888706841185 0.152346782022329 0.165524613206593 0.188147578831864 0.214335103349162 0.229998765541781 0.242429331548643 0.248741080154446 0.252693190093528 0.255449885715109 0.243439502282564 0.235639168750988 0.238312246118412
-9999 -9999 -9999 -9999 -9999 -9999 -9999 -9999 -9999 -9999 -9999 -9999 -9999 -9999 -9999 -9999 -9999 -9999 -9999 -9999 0.0975660917145055 0.0966515180423444 0.0874320073161951 0.0774983871148871 0.0670538939567885 0.0583894831478322 0.0510391385776659 0.0461953880772874 0.0422285931313365 0.0404171953971095 0.0405680486619366 0.0424632927332292 0.0455729155967313 0.0494383870573958 0.0560136531410557 0.063801821297199 0.072885832686808 0.0798263175875736 0.087497933153482 0.104466148757227 0.118110805097978 0.127483205752175 0.133270223029294 0.138215249451693 0.147160583229751 0.15434152151476 0.158781630244563 0.172041974003372 0.18921223722091 0.216964832618397 0.238461695995545 0.248119232689172 0.253550400123237 0.256840450616313 0.253918140222691 0.249316682551971 0.241062848110643
-9999 -9999 -9999 -9999 -9999 -9999 -9999 -9999 -9999 -9999 -9999 -9999 -9999 -9999 -9999 -9999 -9999 -9999 -9999 -9999 0.114192111998409 0.112403967430941 0.100569503852526 0.0869123613116648 0.0698692285308103 0.0581574950771984 0.0503814289059526 0.0456701046203027 0.0418632229321681 0.0400656319608612 0.0401579077604833 0.0419302266444215 0.0451467469531631 0.0489599990167935 0.0544716504585843 0.0614157897262115 0.0698903737826186 0.0781276766375791 0.0872910125674011 0.103708886058001 0.117667694959049 0.128465509322313 0.134239059897199 0.138614044325452 0.145842595762883 0.152615909330725 0.158682051851862 0.165659753052252 0.173519111183773 0.199243120275688 0.222399737732858 0.24069742130516 0.251268708618515 0.25792573361667 0.257229246286421 0.254485506172598 0.247279135935523
-9999 -9999 -9999 -9999 -9999 -9999 -9999 -9999 -9999 -9999 -9999 -9999 -9999 -9999 -9999 -9999 -9999 -9999 -9999 -9999 0.137114801898032 0.135063364443993 0.119328790548475 0.100226116843266 0.0739551212224704 0.0576224373706183 0.048626268019025 0.044587791573237 0.0414385381841701 0.0393984347453839 0.0393434690111134 0.0410532397774204 0.0445930204926927 0.0486997804856318 0.05400442986939 0.0602271606238145 0.0674307533611965 0.076805592649191 0.0874875822572564 0.103837421039946 0.117626956215263 0.128125359570636 0.134743763765117 0.139944264716503 0.14309621107998 0.149556510127245 0.161156037227684 0.163274703177492 0.162060047863968 0.180002958678848 0.201646793155827 0.230294834993977 0.24735356926688 0.258541055374198 0.257512890762056 0.256195557089648 0.25473263236552
-9999 -9999 -9999 -9999 -9999 -9999 -9999 -9999 -9999 -9999 -9999 -9999 -9999 -9999 -9999 -9999 -9999 -9999 -9999 -9999 0.138685015638492 0.139161189966706 0.121170484398684 0.102012048597517 0.0829305825191874 0.0640544251885719 0.0453298278652946 0.0415979900848765 0.0397758519813966 0.038399668144983 0.0387571679839531 0.0406558681413926 0.0439300112220056 0.0473915045470838 0.0505487650131979 0.0566627804663395 0.0659357409240938 0.0754276349904551 0.0852618761830262 0.097218592470171 0.106861476720575 0.113530055025311 0.120418877754222 0.12785516116975 0.141285011950031 0.152307978575046 0.159592067349434 0.162594708069961 0.164070571362401 0.173443180741181 0.188052919686073 0.212574222555943 0.231551871002764 0.247721053915409 0.253864186457827 0.257703910012635 0.256598634099629
-9999 -9999 -9999 -9999 -9999 -9999 -9999 -9999 -9999 -9999 -9999 -9999 -9999 -9999 -9999 -9999 -9999 -9999 -9999 -9999 0.173103930356245 0.147602575208106 0.125610034477528 0.105218811532935 0.0887951853483852 0.0675018412027391 0.0426136454098144 0.0388444368695194 0.0378438300711182 0.0377645833437945 0.0386518318274772 0.0403982697631646 0.0439157446179278 0.0473457708627563 0.0487260537217709 0.0542687163988941 0.0642583924374236 0.0738879986300526 0.0833827974546755 0.0925414587949549 0.10001399797617 0.105319118311423 0.112117868150265 0.120177841873944 0.138030265671353 0.152143606916265 0.160448620034286 0.164517843026348 0.166871709655951 0.169843985808218 0.178150742275733 0.196553304467291 0.214800401066297 0.232968737388217 0.246200383554012 0.255667839140431 0.256557778577551
-9999 -9999 -9999 -9999 -9999 -9999 -9999 -9999 -9999 -9999 -9999 -9999 -9999 -9999 -9999 -9999 -9999 -9999 -9999 0.188945990650117 0.177451013374992 0.158947264968849 0.134929668304509 0.111094611761346 0.0888160275865408 0.0653427266497953 0.040987479457845 0.0365346770192071 0.0354058599122422 0.0378126763175215 0.0394499901842771 0.0404032360320077 0.0451201438157313 0.0496717280627213 0.049970852504624 0.0540730959820953 0.0622385249220301 0.0720446481550173 0.0821548596396056 0.0915118070682512 0.100526499963528 0.109101243166103 0.115132735472157 0.120788077672993 0.132063810059985 0.146501817469908 0.165852134437796 0.171330968652419 0.171158021135821 0.171806258383353 0.175183431292574 0.183725269294863 0.196264781086579 0.210829550623042 0.230994201204012 0.246973553402926 0.252934883755776
-9999 -9999 -9999 -9999 -9999 -9999 -9999 -9999 -9999 -9999 -9999 -9999 -9999 -9999 -9999 -9999 -9999 -9999 0.189136167967266 0.189111642036029 0.178842463413596 0.162326867394171 0.140353827551494 0.116895799980586 0.0901698364557522 0.064027544720827 0.0383161225993347 0.0329633437008857 0.0315954672496522 0.0360260256814048 0.0399681924155006 0.0434761914576156 0.0511347191751976 0.0578947441494407 0.0563524708322541 0.0578215015769832 0.0625077565981554 0.0704828626088807 0.0795008770086705 0.0902012065691911 0.100391998703307 0.109927808032779 0.117278355391886 0.12391824476652 0.130510939603422 0.141419994933613 0.159034127701109 0.166802250216672 0.170523213033134 0.173579971731105 0.176550030068099 0.179356003068022 0.185501224168216 0.193338138596312 0.213488556263777 0.232089050225365 0.246535518100721
-9999 -9999 -9999 -9999 -9999 -9999 -9999 -9999 -9999 -9999 -9999 -9999 -9999 -9999 -9999 -9999 -9999 -9999 0.189178525787418 0.189293703814943 0.178747857086318 0.161701720644233 0.143819389490686 0.122659474187788 0.0921938447580109 0.0631366818655257 0.0351192564469907 0.0287577065648179 0.0270950372204389 0.0333168882414507 0.0403456361068868 0.0480916945701304 0.0595677926885531 0.0690827298238978 0.0653168196396781 0.063552915549855 0.0639279195463785 0.0690626444893529 0.0761298963638122 0.0887493484395482 0.0999321920681372 0.109268353233135 0.118986928274927 0.128315402710028 0.131177166159148 0.136619716958828 0.146071288567042 0.156570990334767 0.167414125771953 0.175258879789403 0.18009566603441 0.179239703134209 0.178645366164417 0.178183571260262 0.194826769460435 0.214092180899913 0.238740176631281
-9999 -9999 -9999 -9999 -9999 -9999 -9999 -9999 -9999 -9999 -9999 -9999 -9999 -9999 -9999 -9999 -9999 -9999 0.18904152514429 0.189012234440889 0.180237375335027 0.166130127493073 0.14270951375258 0.116141863791583 0.0822281712655845 0.0534324594238624 0.0284148680894456 0.0223180044199771 0.0204593741574132 0.0259850445381118 0.0325782123266456 0.0401203579294608 0.0527980591911244 0.0654836470407891 0.0735444374832991 0.0804139567938315 0.0860107429871422 0.0909269119567482 0.0962223088495731 0.105553032371332 0.111079942235871 0.111717255363384 0.118230095927986 0.126429178707148 0.131929521462093 0.137548981286965 0.143353478756215 0.152255914968951 0.162070070399132 0.159392212204958 0.161983079305535 0.174545307034649 0.178360144136252 0.177743473929392 0.183758665713685 0.19364150930746 0.212269993170301
