layers/veg/veg_5500.asc
NCOLS 255 
NROWS 330 
XLLCORNER -2985163.8955 
YLLCORNER -3022031.214 
CELLSIZE 25000 
NODATA_value -9999 
[rows 250 to 274 of 330, columns 57 to 113 of 255]
-9999 -9999 -9999 -9999 -9999 -9999 -9999 -9999 -9999 -9999 -9999 -9999 -9999 -9999 -9999 0.585381375770135 0.587075555346179 0.586412204876472 0.584681371624804 0.581009916585695 0.575850160992971 0.56764890698525 0.555891782800696 0.54219106603754 0.532044957323566 0.526164406324548 0.530779187178422 0.536875197353047 0.543955953264512 0.542443755280947 0.539587641759222 0.534850346755724 0.533772033930617 0.535630487665597 0.53700798153248 0.532593483890181 0.503912453699131 0.448983720745375 0.368718301431018 0.336341874295784 0.312497509364901 0.279824882258258 0.256273710636745 0.243305590917494 0.220204857445147 0.196227640681497 0.190147945790384 0.185774476515483 0.183786509524025 0.177067750224366 0.168845732305043 0.16423340794228 0.162463303045086 0.165510384942434 -9999 -9999 -9999
-9999 -9999 -9999 -9999 -9999 -9999 -9999 -9999 -9999 -9999 -9999 -9999 -9999 -9999 -9999 0.646002100552983 0.642922355154421 0.64076049923125 0.638920224812046 0.628999657471548 0.618488460904636 0.606770251512508 0.589456302925372 0.569083795777218 0.558381246647465 0.554426117567332 0.56669606346115 0.577259150226651 0.586687488829628 0.592714219469231 0.598019624644202 0.601969896795305 0.605241978980021 0.60796973339336 0.610406761944897 0.612142398020109 0.611083154415409 0.553917601260161 0.442593100147273 0.400104044352723 0.369408314905283 0.323245229184649 0.288426146574244 0.26676879828252 0.259207699255148 -9999 -9999 -9999 -9999 -9999 -9999 -9999 -9999 -9999 -9999 -9999 -9999
-9999 -9999 -9999 -9999 -9999 -9999 -9999 -9999 -9999 -9999 -9999 -9999 -9999 -9999 -9999 0.647807323966959 0.649548244146762 0.64948407638553 0.648553980174881 0.64157239295601 0.634221148744 0.626114471661933 0.610101948422618 0.589768192080102 0.576414854479308 0.570825690814833 0.584292627972746 0.593288000088439 0.599310601850049 0.603288124887284 0.606456105666765 0.60759740639347 0.607832128956633 0.6073392151704 0.609810502802247 0.612277421178449 0.612893311810508 0.576053206523812 0.503057143914032 0.454147264938555 0.408440159314719 0.351868433429217 0.311821828464865 0.290948283401399 0.272252637352439 0.255957696513666 -9999 -9999 -9999 -9999 -9999 -9999 -9999 -9999 -9999 -9999 -9999
-9999 -9999 -9999 -9999 -9999 -9999 -9999 -9999 -9999 -9999 -9999 -9999 -9999 -9999 -9999 0.667062470335317 0.663818304158907 0.661270061099478 0.659012372000159 0.655020009555223 0.65083230737441 0.646245407937631 0.636626114322303 0.624256179234808 0.614135750151867 0.60805262784045 0.612007039580406 0.614389983709573 0.615728190195064 0.616376564619208 0.616930478818841 0.617376670007259 0.616171970837343 0.613642236626984 0.61495806795973 0.616686184040748 0.617785436462439 0.599560152725831 0.562681057029627 0.492118987242589 0.418279334929034 0.366723201649484 0.330173302302651 0.311034193681739 0.282580105216013 0.25453795735924 0.254035544367048 -9999 -9999 -9999 -9999 -9999 -9999 -9999 -9999 -9999 -9999
-9999 -9999 -9999 -9999 -9999 -9999 -9999 -9999 -9999 -9999 -9999 -9999 -9999 -9999 -9999 0.670849024353307 0.677716465678676 0.675881179331801 0.67023150780387 0.669274721850787 0.668253873250866 0.667102105907184 0.668573335352242 0.671478260865707 0.6700185709376 0.664493233315648 0.649055371774386 0.640172036834024 0.635646259522864 0.631784713610858 0.62928484908095 0.630986011493133 0.629816020927478 0.626341590043964 0.625404428342147 0.625037559063977 0.625520738852855 0.624332188950852 0.621529932461252 0.515264424148038 0.401187677368137 0.368876306439926 0.343871391192137 0.327343697569068 0.290400651289173 0.252059048505944 0.25312258580871 -9999 -9999 -9999 -9999 -9999 -9999 -9999 -9999 -9999 -9999
-9999 -9999 -9999 -9999 -9999 -9999 -9999 -9999 -9999 -9999 -9999 -9999 -9999 -9999 -9999 0.679243026989015 0.679249658361855 0.676287397345442 0.671967182735375 0.663920726917727 0.661730572861668 0.671508386218075 0.678164684353995 0.683114802704144 0.684039736289136 0.681174692854901 0.669065193509179 0.662658748352853 0.660043787891906 0.655148211171326 0.650425919355086 0.646913166179398 0.644168682807158 0.642040826944397 0.646701337935345 0.651448758263129 0.652368128138686 0.648071313033254 0.638739358507926 0.533359327373222 0.419465070692384 0.374022914561295 0.341526332404931 0.32404968665043 0.29192345148997 0.258779734039371 0.253785598407792 -9999 -9999 -9999 -9999 -9999 -9999 -9999 -9999 -9999 -9999
-9999 -9999 -9999 -9999 -9999 -9999 -9999 -9999 -9999 -9999 -9999 -9999 -9999 -9999 -9999 0.658735392546544 0.668885362592055 0.664977558573614 -9999 0.645681688323342 0.652583694317414 0.673590674095365 0.684990143314583 0.691138271710823 0.691659082310082 0.690201267764705 0.684245522563259 0.682093030561652 0.68246900415426 0.677239941791725 0.671222741422161 0.664263755387884 0.661079570911302 0.660925111764092 0.668491404759934 0.675897847078634 0.677853318907756 0.6671401643605 0.644198091495334 0.552972162399465 0.452543635266252 0.382191330964562 0.335694416441423 0.316875412377491 0.29177853084888 0.266595784210099 0.25666417536163 0.253938012887223 0.261285904286594 0.244780930420393 0.221473710381634 0.230241193527102 -9999 -9999 -9999 -9999 -9999
-9999 -9999 -9999 -9999 -9999 -9999 -9999 -9999 -9999 -9999 -9999 -9999 -9999 -9999 -9999 0.653184832522407 0.648512596384544 0.650311437472033 -9999 -9999 0.654236832219943 0.680275310741651 0.700189705643843 0.716756755766355 0.708354454699169 0.699342294909983 0.691107207520195 0.688475293213571 0.68956846099189 0.684165131942633 0.680996313849393 0.686886258861317 0.691070579675798 0.693885935061393 0.681629359468746 0.670913281954204 0.676048077006106 0.662058167071531 0.629607340524098 0.586051841627502 0.528689302114551 0.403561144989118 0.327758494532096 0.309185131443536 0.289192783282224 0.269646727652231 0.25778780881947 0.253938012887223 0.261285904286594 0.254191650968374 0.242329370181668 0.238293520676035 -9999 -9999 -9999 -9999 -9999
-9999 -9999 -9999 -9999 -9999 -9999 -9999 -9999 -9999 -9999 -9999 -9999 -9999 -9999 -9999 0.619239826367808 0.623469236499377 0.621840886284187 -9999 -9999 0.661132330812306 0.684552112622437 0.70388432680347 0.720982329465698 0.720849281584327 0.714168775021789 0.692474737068214 0.687789269951219 0.694411381874429 0.695011365402053 0.696621534068506 0.703207411064175 0.707003203110357 0.708559621532957 0.692691250767982 0.678890519100994 0.68463082732747 0.673454977847751 0.645950103839558 0.62856847184835 0.594893073009303 0.452540289032162 0.360013937425971 0.325298065818931 0.301127777089361 0.282736173865218 0.290024057118657 0.286577515498598 0.26812299673656 0.259139503854352 0.253865797607223 -9999 -9999 -9999 -9999 -9999 -9999
-9999 -9999 -9999 -9999 -9999 -9999 -9999 -9999 -9999 -9999 -9999 -9999 -9999 -9999 -9999 0.614921367234825 0.607618771337237 0.610430317919709 -9999 0.65343758001319 0.660679982420643 0.682722994415679 0.694823750928274 0.701490199378624 0.728687084607618 0.735298553147121 0.687751054697163 0.679266841599465 0.696752546311718 0.710204746686457 0.718734307719082 0.712542436536199 0.707349699486039 0.702958885912673 0.701451470337177 0.701238133241298 0.704730445544733 0.703121368682782 0.696587963834675 0.681547577934695 0.650074550098509 0.532129102363636 0.436828389323423 0.367800939686974 0.329161498789459 0.301570362464955 0.296960509682703 0.286577515498598 0.26812299673656 0.259139503854352 -9999 -9999 -9999 -9999 -9999 -9999 -9999
-9999 -9999 -9999 -9999 -9999 -9999 -9999 -9999 -9999 -9999 -9999 -9999 -9999 -9999 -9999 0.667450613225336 0.665143626901471 0.666031831535225 0.702238971897336 0.700557266815583 0.702112726246811 0.710283671180212 0.711283856357996 0.708364597137958 0.725806787874213 0.731536610485636 0.705643668115805 0.703014553821378 0.715851616977592 0.725823719574769 0.732956871726055 0.73175373091274 0.725768608227308 0.715945378721925 0.712911349633967 0.711430115001104 0.712337141118697 0.712290628492346 0.711323672949279 0.714705657625522 0.700953395262042 0.580699516946169 0.488271757253399 0.428128895306045 0.386777921936514 0.350738787415545 0.315068773041782 0.294272937437412 -9999 -9999 -9999 -9999 -9999 -9999 -9999 -9999 -9999
-9999 -9999 -9999 -9999 -9999 -9999 -9999 -9999 -9999 -9999 -9999 -9999 -9999 -9999 -9999 -9999 0.735285243176993 0.735285243176993 0.754795629433153 0.752863550137956 0.749514013503968 0.743267754001211 0.734108423637311 0.723356846474427 0.722286640372554 0.723027363431174 0.727462912094833 0.732374973070513 0.737603827307872 0.74073564185559 0.744773070601643 0.752328957641875 0.747364281682122 0.732350371006508 0.724726840417834 0.71914855938016 0.717675388722772 0.716814574340889 0.71654486231313 0.739039657549192 0.744872257313188 0.624229981932142 0.538044347567153 0.49183658963263 0.447613599132744 0.408268855977514 -9999 -9999 -9999 -9999 -9999 -9999 -9999 -9999 -9999 -9999 -9999
-9999 -9999 -9999 -9999 -9999 -9999 -9999 -9999 -9999 -9999 -9999 -9999 -9999 -9999 -9999 -9999 -9999 -9999 0.754823473627318 0.755535544446787 0.756463965705633 0.757834521798639 0.754291910461083 0.748063825447438 0.736277059707172 0.728874772335141 0.733118200647054 0.738752311536035 0.745310971189937 0.74904332798121 0.753866948183474 0.763015734198193 0.75635848551782 0.737015021962108 0.733700448559402 0.732625600728739 0.731140227446699 0.727221913409065 0.720955102155668 0.734115642892821 0.741744605561212 0.692716256338129 0.62800677080735 0.54510344771399 0.47184241709883 -9999 -9999 -9999 -9999 -9999 -9999 -9999 -9999 -9999 -9999 -9999 -9999
-9999 -9999 -9999 -9999 -9999 -9999 -9999 -9999 -9999 -9999 -9999 -9999 -9999 -9999 -9999 -9999 -9999 -9999 0.757857735987273 0.758062125188736 0.761056666256381 0.769753175557515 0.771750927252929 0.770087224811696 0.752973093521411 0.74116644847292 0.744269220738356 0.749197663490224 0.755339842159415 0.758080567790172 0.761178459894932 0.766398639114249 0.757296075709399 0.73669781499403 0.735197078715308 0.735780314859395 0.733395416518865 0.727567363279838 0.718415661623163 0.725428359608113 0.733228867685723 0.725701892992471 0.673793876820452 0.570393325689304 0.545480280700555 -9999 -9999 -9999 -9999 -9999 -9999 -9999 -9999 -9999 -9999 -9999 -9999
-9999 -9999 -9999 -9999 -9999 -9999 -9999 -9999 -9999 -9999 -9999 -9999 -9999 -9999 -9999 -9999 -9999 -9999 0.757852520424383 0.757561627516672 0.76250305984748 0.778137298064203 0.785573497753828 0.788528755775733 0.773280406455573 0.7620595154888 0.762755587644689 0.765072736597165 0.768467604200064 0.768091568644311 0.76611098498423 0.76003280881775 0.747480219373603 0.729731146458639 0.726713922510993 0.725157454604684 0.72068869064196 0.7144828545814 0.706600237458263 0.711718108889375 0.717521461129885 0.711303575716158 0.660618628100539 0.558341341083508 0.539155844572234 -9999 -9999 -9999 -9999 -9999 -9999 -9999 -9999 -9999 -9999 -9999 -9999
-9999 -9999 -9999 -9999 -9999 -9999 -9999 -9999 -9999 -9999 -9999 -9999 -9999 -9999 -9999 -9999 -9999 -9999 0.771460324571356 0.770502482855617 0.77532161799364 0.791946611767883 0.802683603901566 0.810202290607237 0.803728218883534 0.796862051314267 0.790303605050296 0.781961252638217 0.772432929931288 0.771811046819236 0.771508854841506 0.769695901848833 0.754184036516131 0.727677171561036 0.73156497357317 0.736238567126756 0.725454432512465 0.718599637343023 0.715537800438101 0.715707715766679 0.715663855566851 0.710364246438887 0.659647745175316 0.556236876494826 0.533621422014393 -9999 -9999 -9999 -9999 -9999 -9999 -9999 -9999 -9999 -9999 -9999 -9999
-9999 -9999 -9999 -9999 -9999 -9999 -9999 -9999 -9999 -9999 -9999 -9999 -9999 -9999 -9999 -9999 0.767872602993781 0.767872602993781 0.804646143194644 0.794230965711384 0.792353767005033 0.807924824199797 0.821063041255888 0.832871499405353 0.836709204518228 0.835001003337393 0.819959043890352 0.798777992423156 0.77351557110308 0.773549418546915 0.776980168617366 0.784145200949865 0.766179439904745 0.728043240737329 0.740464712773089 0.75319168737232 0.735959063373509 0.728550878620237 0.730626142307517 0.724898727274593 0.717612443437896 0.710768794787655 0.658668467427654 0.554059658226113 0.512969764621458 -9999 -9999 -9999 -9999 -9999 -9999 -9999 -9999 -9999 -9999 -9999 -9999
-9999 -9999 -9999 -9999 -9999 -9999 -9999 -9999 -9999 -9999 -9999 -9999 -9999 -9999 -9999 -9999 -9999 -9999 0.804787366996396 0.807783133618207 0.814452113043517 0.828627688426645 0.841651850898665 0.854046665988004 0.856415283748667 0.852921214756998 0.835480760779253 0.809544834614695 0.777960978112001 0.77757263259425 0.781220140666018 0.788978725930432 0.773480640388427 0.739316322054531 0.74234085419628 0.748275955880657 0.743564294789434 0.738331533727197 0.732595759252799 0.722254375015383 0.706465519179276 0.664217465861491 0.597275384236502 0.501682372540418 0.485969246873346 -9999 -9999 -9999 -9999 -9999 -9999 -9999 -9999 -9999 -9999 -9999 -9999
-9999 -9999 -9999 -9999 -9999 -9999 -9999 -9999 -9999 -9999 -9999 -9999 -9999 -9999 -9999 -9999 -9999 -9999 0.829615705622615 0.827699644094285 0.83052660729667 0.84304643943317 0.854301046462827 0.864864097837854 0.866603309836756 0.862916427439215 0.84627931077772 0.821552458099625 0.791447415196084 0.785227128117708 0.783196716076631 0.787860221262011 0.77203117960984 0.739754442027657 0.73086947543717 0.725001164551246 0.71746548954815 0.709832647708556 0.702106011540246 0.704751181029218 0.699581132626844 0.635467172469186 0.559358761989188 0.469333944143351 0.449613052635372 -9999 -9999 -9999 -9999 -9999 -9999 -9999 -9999 -9999 -9999 -9999 -9999
-9999 -9999 -9999 -9999 -9999 -9999 -9999 -9999 -9999 -9999 -9999 -9999 -9999 -9999 -9999 -9999 0.807619060471138 0.807619060471138 0.829659703622615 0.831921795574135 0.836872032370078 0.847315775342403 0.85412704228967 0.858952844893986 0.86141881336313 0.8601120454911 0.849449516145197 0.835564056361911 0.819535939149501 0.798746473898334 0.781517699806468 0.777128646704332 0.756448604036424 0.72269311277245 0.697840636126343 0.672074819763715 0.636931595934808 0.619508816944959 0.619191434077451 0.663249604572146 0.699581132626844 0.635467172469186 0.559358761989188 0.469333944143351 -9999 -9999 -9999 -9999 -9999 -9999 -9999 -9999 -9999 -9999 -9999 -9999 -9999
-9999 -9999 -9999 -9999 -9999 -9999 -9999 -9999 -9999 -9999 -9999 -9999 -9999 -9999 -9999 -9999 0.807619060471138 0.807619060471138 0.814296997293622 0.816410759206227 0.819072645572182 0.822854681797678 0.83134025747966 0.842396726902465 0.839308673426139 0.833900344081193 0.823920000581598 0.809021390715827 0.790853036071931 0.767371513105187 0.748433503426202 0.745661672500186 0.723389003034935 0.685464601004852 0.661332657747981 0.638429279337325 0.612209620802335 0.593311300082165 0.581480205078131 0.577927261711135 -9999 -9999 -9999 -9999 -9999 -9999 -9999 -9999 -9999 -9999 -9999 -9999 -9999 -9999 -9999 -9999 -9999
-9999 -9999 -9999 -9999 -9999 -9999 -9999 -9999 -9999 -9999 -9999 -9999 -9999 -9999 -9999 -9999 -9999 -9999 0.815277679452172 0.802245540232633 0.792033182344381 0.787583343611897 0.800045866903791 0.821752468208266 0.810356619872993 0.798052402547546 0.786524903016606 0.765689554580239 0.738666194334789 0.717495433014916 0.702455889411893 0.705515588305241 0.683152305268089 0.640384068188774 0.624098924993869 0.6135804557581 0.61114637890932 0.594253192377541 0.563402749075383 0.558061229585635 -9999 -9999 -9999 -9999 -9999 -9999 -9999 -9999 -9999 -9999 -9999 -9999 -9999 -9999 -9999 -9999 -9999
-9999 -9999 -9999 -9999 -9999 -9999 -9999 -9999 -9999 -9999 -9999 -9999 -9999 -9999 0.809560765709242 0.809560765709242 -9999 -9999 0.815444522973874 0.818256236674823 0.822814217387761 0.830940878053296 0.830679394399238 0.825833059713767 0.802542126566263 0.782168495255551 0.770916605093332 0.751948849438401 0.727851458862303 0.704888440059033 0.685144402940994 0.675455868180188 0.658767675974738 0.636461429645686 0.627419257178798 0.617999514608087 0.598778517729739 0.579875976050873 0.561280836493333 -9999 -9999 -9999 -9999 -9999 -9999 -9999 -9999 -9999 -9999 -9999 -9999 -9999 -9999 -9999 -9999 -9999 -9999
-9999 -9999 -9999 -9999 -9999 -9999 -9999 -9999 -9999 -9999 -9999 -9999 -9999 -9999 0.809560765709242 0.807545728370501 0.802164776039181 0.790156206055342 0.775758826688343 0.813425548057803 0.843321095512843 0.857335433298263 0.84520112967947 0.818774317378856 0.7910696459601 0.768027728050117 0.7569392143707 0.739675479778555 0.718306356248546 0.693910275621263 0.671195824803863 0.654767362733216 0.641338631486334 0.630317539507148 0.622170671266482 0.610707628877263 0.583403801785094 0.567422245338533 0.562369981364959 -9999 -9999 -9999 -9999 -9999 -9999 -9999 -9999 -9999 -9999 -9999 -9999 -9999 -9999 -9999 -9999 -9999 -9999
-9999 -9999 -9999 -9999 -9999 -9999 -9999 -9999 -9999 -9999 -9999 -9999 -9999 -9999 -9999 0.807545728370501 0.802164776039181 0.790156206055342 0.775775391943382 0.815015188861405 0.843567688910181 0.850279575912447 0.827950963834356 0.7897491911276 0.772383739979344 0.757324373252817 0.746177916658157 0.730295645315097 0.711264926045294 0.686144105102999 0.663878786451185 0.652558570914574 0.637625761445803 0.619793417478669 0.600024473040137 0.580322162473609 0.562099671470044 0.555674133358748 0.560636094494314 -9999 -9999 -9999 -9999 -9999 -9999 -9999 -9999 -9999 -9999 -9999 -9999 -9999 -9999 -9999 -9999 -9999 -9999
