layers/veg/veg_3300.asc
NCOLS 255 
NROWS 330 
XLLCORNER -2985163.8955 
YLLCORNER -3022031.214 
CELLSIZE 25000 
NODATA_value -9999 
[rows 200 to 224 of 330, columns 56 to 111 of 255]
-9999 -9999 -9999 -9999 -9999 -9999 -9999 -9999 -9999 -9999 -9999 -9999 -9999 -9999 -9999 -9999 -9999 -9999 -9999 -9999 0.25112874996416 0.250771809840197 0.244541726191201 0.227359250417986 0.165428992534746 0.0811672950821033 0.0577807068720613 0.0510328261914296 0.0804192127255985 0.110876399430359 0.141986628979862 0.18876484407515 0.22516956032585 0.228690241020081 0.219259654980293 0.200266265693302 0.226615453087969 0.25450097008143 0.267901656752126 0.273406490507374 0.271890594754635 0.295363662890264 0.319090683666294 0.321383655745639 0.323988151783758 0.326925546384657 0.319333186852376 0.310805005017123 0.314606713011002 0.322687357227269 0.336269547397555 0.341198124569469 0.342720529727487 0.336609784157262 0.331622829390465 0.32838197745882
-9999 -9999 -9999 -9999 -9999 -9999 -9999 -9999 -9999 -9999 -9999 -9999 -9999 -9999 -9999 -9999 -9999 -9999 -9999 -9999 0.169086755460846 0.173775407624717 0.18547020787332 0.210230256872829 0.177829547658075 0.116902686808266 0.0825599840603318 0.0666669145047023 0.0922620204988976 0.126050835464264 0.164836701385069 0.195859196065422 0.221323073990306 0.232186922141624 0.230375580240616 0.219205281329408 0.239588021299837 0.259801310700506 0.265312032848024 0.268333231295524 0.269140828161444 0.297315178765926 0.324547525566509 0.322149112438829 0.321190070701312 0.321769159992239 0.308753989536336 0.296130292381112 0.311214775178351 0.324075750238642 0.334077900264355 0.339127735129886 0.341902201675269 0.336201173220225 0.331729597725503 0.329168298852691
-9999 -9999 -9999 -9999 -9999 -9999 -9999 -9999 -9999 -9999 -9999 -9999 -9999 -9999 -9999 -9999 -9999 -9999 -9999 -9999 0.168871187106427 0.166613651107453 0.171486146445331 0.189654911272679 0.159329404207167 0.104802766914131 0.0742630473743031 0.0605833651332897 0.0848279476628483 0.116238644444905 0.152019698802293 0.179680866811122 0.204856029126398 0.22437043160977 0.226777692971338 0.21655358567765 0.235734953939394 0.254385733858936 0.257943654025448 0.258678989289121 0.256904576039447 0.274444509235319 0.294982214448921 0.313090572634607 0.322088568647949 0.32135111289852 0.300798408762357 0.281245796386744 0.305246486486715 0.322257529616514 0.330281791450634 0.336070571394773 0.34061659413799 0.338620441785992 0.33704099570489 0.336109011766045
-9999 -9999 -9999 -9999 -9999 -9999 -9999 -9999 -9999 -9999 -9999 -9999 -9999 -9999 -9999 -9999 -9999 -9999 -9999 -9999 0.157452997568361 0.157875924817517 0.160815636983493 0.168448715688845 0.142249495563908 0.0991662221698069 0.0716774845172519 0.0593059378767004 0.081143735941561 0.107354944399116 0.136233339921556 0.165357928002398 0.191480927385229 0.208890368455056 0.214771412487084 0.212140254979895 0.230795366157763 0.24795601197794 0.250046675615527 0.250546863959005 0.249632854628253 0.263044087743617 0.279268850288025 0.296669728470755 0.308215403992349 0.313504133632934 0.294461559039235 0.275855626705336 0.304896460644254 0.323754575165031 0.329520487347608 0.334577323431793 0.339047842356685 0.33902326533981 0.338578712298769 0.33748161669887
-9999 -9999 -9999 -9999 -9999 -9999 -9999 -9999 -9999 -9999 -9999 -9999 -9999 -9999 -9999 -9999 -9999 -9999 -9999 -9999 0.157416229278604 0.156654384023628 0.153677513919861 0.146570007368092 0.126683617232545 0.100419908421987 0.0751804874755705 0.063152039860018 0.0814570346055834 0.0994610549612198 0.117281521767658 0.153012913801546 0.1814019676519 0.185240613087514 0.193801429569073 0.205848946891516 0.224697501700111 0.240445168635845 0.241586187711413 0.244037379317407 0.247653532713269 0.263871435295704 0.278322246847454 0.27240035679169 0.278595022878976 0.297737598789173 0.289850345010019 0.280586810022355 0.31053574037862 0.328785834526174 0.331994413291005 0.334751275759577 0.337177246847999 0.337276473313215 0.336093525092284 0.332918383263957
-9999 -9999 -9999 -9999 -9999 -9999 -9999 -9999 -9999 -9999 -9999 -9999 -9999 -9999 -9999 -9999 -9999 -9999 -9999 -9999 0.144158381687755 0.144478159608353 0.140618735299867 0.128965825035478 0.111301073386682 0.0906361043808181 0.0753017264479905 0.0715330630739303 0.0941661992260777 0.105860242749744 0.110882923711829 0.143396970016005 0.168986417482735 0.16944074963369 0.176705926271549 0.189000013757522 0.212796277156892 0.233822160923243 0.239378678171555 0.243977213712186 0.247723943815807 0.26188173336641 0.272984854509401 0.259209070797186 0.255639304272935 0.26297582074203 0.275764146052438 0.291326145039224 0.317375996941253 0.332714738047459 0.334281909492617 0.336933229578781 0.33942117733212 0.335432542791139 0.331198389425725 0.326582758374143
-9999 -9999 -9999 -9999 -9999 -9999 -9999 -9999 -9999 -9999 -9999 -9999 -9999 -9999 -9999 -9999 -9999 -9999 -9999 -9999 0.134972855401147 0.133709348104584 0.128157311775139 0.114607913997941 0.0971329730425738 0.0776989845964324 0.0728596093809357 0.078268098003272 0.106727186981384 0.112661965170697 0.104859969312537 0.13359966161579 0.156673956495766 0.156557377674044 0.16172995786797 0.170807884778057 0.198323589861828 0.22412510288463 0.235306708960307 0.243049205879665 0.247733761447592 0.259197548133658 0.267030088276614 0.250375517802802 0.237486296422519 0.228620776161533 0.261861123408298 0.302773989551089 0.323350858141855 0.335443787695012 0.336628683554592 0.33968889710258 0.342523149800131 0.334867819417045 0.327934383478544 0.322122599303457
-9999 -9999 -9999 -9999 -9999 -9999 -9999 -9999 -9999 -9999 -9999 -9999 -9999 -9999 -9999 -9999 -9999 -9999 -9999 -9999 0.135027247068274 0.135516384566792 0.130782434524839 0.116308333812542 0.0915331420359488 0.0616171772030371 0.0577490343246923 0.0647382607283189 0.0957814056550997 0.0965611694994527 0.0788843762602196 0.117537074955897 0.149343250056411 0.150848692071607 0.155278774832701 0.161868319258521 0.175503069098195 0.190294449739363 0.206261316027112 0.224096212140158 0.243592098174965 0.256519247559531 0.264492774454333 0.253439623524259 0.24247462949087 0.231603841066325 0.26643824912108 0.308546869811955 0.320811542011876 0.331373755019622 0.339747069433465 0.343016993453706 0.344471058386171 0.343853278584921 0.34098284145108 0.334612312179923
-9999 -9999 -9999 -9999 -9999 -9999 -9999 -9999 -9999 -9999 -9999 -9999 -9999 -9999 -9999 -9999 -9999 -9999 -9999 -9999 0.134029401909645 0.135024199739902 0.131139140043724 0.118153994011832 0.0894046130790776 0.0527880699665099 0.0475510049679099 0.0529754583717282 0.0818184331902971 0.0811422723219828 0.0624634431008112 0.105775171863266 0.142018832070691 0.146263721246292 0.151223196066779 0.156710298189339 0.160568551077872 0.166304644671926 0.179776035994806 0.197559610436666 0.21917743452723 0.234944480440439 0.247240419953997 0.247338367441895 0.242189511238859 0.231433852224308 0.261922505525433 0.299637260211044 0.315298978536377 0.328744014143604 0.339338999830636 0.345061663885016 0.34899666762511 0.350273223396843 0.34894963394018 0.343586039047217
-9999 -9999 -9999 -9999 -9999 -9999 -9999 -9999 -9999 -9999 -9999 -9999 -9999 -9999 -9999 -9999 -9999 -9999 -9999 -9999 0.133952773532972 0.132478400392279 0.128586398207064 0.120185937954437 0.0917283385098743 0.0532611973477237 0.0436537534839708 0.0434790358506231 0.0639856440710045 0.0665979707623349 0.0582972131683651 0.0995292789039727 0.134702479587451 0.143120014815495 0.150240193373594 0.156402445048485 0.155748534709041 0.154936604695774 0.156574329023139 0.161296355348346 0.168760840313509 0.189133310127274 0.211114713758948 0.229481717642491 0.235140721476068 0.227219790818863 0.245744346301676 0.271896048239597 0.305972960239033 0.327961575919837 0.334407936646064 0.345460226141107 0.356828407784803 0.3534026673004 0.350398737354399 0.34805020036477
-9999 -9999 -9999 -9999 -9999 -9999 -9999 -9999 -9999 -9999 -9999 -9999 -9999 -9999 -9999 -9999 -9999 -9999 -9999 -9999 0.13081674885006 0.130798062337766 0.127428163558863 0.11780883622795 0.0909447961954222 0.0554747595876682 0.0436737243120837 0.0393322480450358 0.0513165203620057 0.0557421510864844 0.0555580358065026 0.0872711781176936 0.11455409128382 0.123081104623721 0.131956976987179 0.141090435752939 0.142277674140453 0.143068056121386 0.145920558713073 0.150276009671422 0.155967832274456 0.170614792223432 0.187884725046562 0.210250713005499 0.223942855298361 0.228366013056651 0.244095858518813 0.263385321542588 0.288264350996376 0.310754339051195 0.330172670890689 0.345299533465413 0.358017789032039 0.357888822735066 0.356516115367592 0.35321093106333
-9999 -9999 -9999 -9999 -9999 -9999 -9999 -9999 -9999 -9999 -9999 -9999 -9999 -9999 -9999 -9999 -9999 -9999 -9999 -9999 -9999 0.131128810445872 0.126482925943598 0.113173274139222 0.0886190755407266 0.0584532710619497 0.0460011903017942 0.0386008420448923 0.042198038086251 0.0474240166253474 0.0536433315356962 0.0736793350036124 0.0911247882929998 0.0985067156862486 0.10880934510982 0.121268527975867 0.12628397666518 0.13127044412735 0.139468042963583 0.147413323211483 0.155134250171967 0.161321965061974 0.169827460225546 0.191423064958923 0.211365699655555 0.22954194902594 0.24545699480067 0.260045340183577 0.268984445439005 0.289384218084018 0.324519285912356 0.343505644672228 0.356665040744048 0.362247942926271 0.363581731752442 0.358313412023125
-9999 -9999 -9999 -9999 -9999 -9999 -9999 -9999 -9999 -9999 -9999 -9999 -9999 -9999 -9999 -9999 -9999 -9999 -9999 -9999 -9999 -9999 0.122581437062591 0.0980946975584549 0.0795512910510982 0.0639739126997754 0.0613644529466519 0.0589695173644154 0.0566173186587493 0.0559368557449672 0.0562759248850406 0.0676459609024884 0.0784056783637926 0.085340853491332 0.0945942489794783 0.105559344616145 0.113627962450265 0.122374045010009 0.134940331207679 0.14475105232911 0.152111616735477 0.157310255778199 0.164423815651692 0.183166022417951 0.198275564352968 0.20950319330079 0.225884406341614 0.243824376925281 0.263842473214636 0.282180363057156 0.298357965272313 0.323572523346382 0.350320993518893 0.359557527520821 0.363687628851526 0.35988355191921
-9999 -9999 -9999 -9999 -9999 -9999 -9999 -9999 -9999 -9999 -9999 -9999 -9999 -9999 -9999 -9999 -9999 -9999 -9999 -9999 -9999 -9999 0.082319755902734 0.0788753475391863 0.0732145949806789 0.0664477729340113 0.069960018349871 0.0708662770671725 0.0654249506073206 0.0606221021333952 0.0562086386182016 0.0625611671611855 0.0695727822930862 0.0764749865852238 0.0838382837261586 0.0915420371546748 0.104526021231128 0.118103779782721 0.131543221795225 0.141349512948524 0.147925327329098 0.153918683106476 0.161333527543126 0.176451202042563 0.188505262219562 0.197285504200138 0.212391334886363 0.22980966914076 0.252721391499741 0.268791493939657 0.276065137533631 0.303165804049459 0.335468008759338 0.352476898456705 0.362401131417895 0.361317497812291
-9999 -9999 -9999 -9999 -9999 -9999 -9999 -9999 -9999 -9999 -9999 -9999 -9999 -9999 -9999 -9999 -9999 -9999 -9999 -9999 -9999 0.083522065600306 0.0819030940301862 0.0772650218032649 0.0711106614670539 0.0641995955538123 0.0680667049315013 0.0696328843534969 0.0655353994071587 0.0593751747110834 0.0519569585884748 0.0589465255397922 0.0667629136689687 0.0742734440286477 0.0784434336796286 0.0801468743672836 0.100932340746002 0.121003303045182 0.129898370285634 0.136802222300183 0.141935552036399 0.151488225795622 0.161828582390841 0.17212658631629 0.183880185496829 0.197189252739337 0.208320569847891 0.219214314422381 0.232333619407311 0.245816814318198 0.259767872512342 0.282025081508683 0.307427493365333 0.338592120592418 0.358956638878393 0.362540364169347
-9999 -9999 -9999 -9999 -9999 -9999 -9999 -9999 -9999 -9999 -9999 -9999 -9999 -9999 -9999 -9999 -9999 -9999 -9999 -9999 0.0919738244302575 0.0911901730553381 0.0874971779967613 0.0783787625118444 0.0706795367792734 0.0636885595608769 0.0680240261844532 0.069905215287782 0.0657511862902092 0.058572833066968 0.0495500523305457 0.0537641623798797 0.0600382047256335 0.0697860708704089 0.0757409509869121 0.0788952109129221 0.0938681611847882 0.109626685379071 0.123047153046267 0.133429257542225 0.141109750673239 0.150363049522232 0.16011582335502 0.170959414397622 0.182425140216561 0.194555687366463 0.205943618576997 0.216996318356666 0.226934271445989 0.237392247460693 0.248518831249021 0.263797245734832 0.280828565219473 0.303017137733908 0.326337793123046 0.351417435248072
-9999 -9999 -9999 -9999 -9999 -9999 -9999 -9999 -9999 -9999 -9999 -9999 -9999 -9999 -9999 -9999 -9999 -9999 -9999 -9999 0.102535102725365 0.101329466486472 0.0953908171213281 0.0806259207103158 0.0710100123954118 0.0639637133681612 0.0687607807230411 0.0708001804984275 0.0660889836432276 0.0580275515197781 0.0479229303586109 0.048086723760079 0.0519305933641397 0.0644816280054176 0.0741428306096749 0.0816702731922271 0.0858062919011149 0.0932114591193207 0.114330888533011 0.130431065589791 0.142068290574446 0.149675487754538 0.157630521229625 0.171004261357037 0.182159165410795 0.190942992315706 0.204192527000957 0.217972803952352 0.227510490185413 0.23491719085093 0.239584024779043 0.247222477749109 0.255508431564784 0.2598384678682 0.28271102818988 0.334394247631053
-9999 -9999 -9999 -9999 -9999 -9999 -9999 -9999 -9999 -9999 -9999 -9999 -9999 -9999 -9999 -9999 -9999 -9999 -9999 -9999 0.102581138684909 0.102858904024664 0.0980166922765188 0.0836266129350306 0.0740604542989913 0.0669016796413678 0.0703339888443696 0.0719787934285015 0.0691466796457808 0.0600859649746897 0.0472266487020797 0.047386443761804 0.0512054207503166 0.0631570053000954 0.0727434221275573 0.0805834743684771 0.0921445768004574 0.103868444556834 0.114540540131043 0.123839877274665 0.131918603329888 0.145718687412548 0.159561883908683 0.168421785276273 0.178299287674504 0.189264211797596 0.200194682231672 0.211246827316264 0.223258661445003 0.232872655568807 0.239403680867671 0.246634215685988 0.253955486295013 0.259568588160708 0.269932963683804 0.287679685083437
-9999 -9999 -9999 -9999 -9999 -9999 -9999 -9999 -9999 -9999 -9999 -9999 -9999 -9999 -9999 -9999 -9999 -9999 -9999 -9999 0.1072589253548 0.106343806479274 0.100802845459235 0.0866354926516456 0.0764494859587116 0.0682503752854663 0.0706410734941211 0.0719685489780935 0.0704841094604405 0.0614851837361284 0.0479034408028181 0.0483241039630811 0.0517600055142833 0.0612852121572683 0.0711611845460244 0.0812961512000949 0.096448455535854 0.10975744835469 0.113949030786302 0.118878010943721 0.124462660606149 0.140461544437883 0.156778603777447 0.165234497862795 0.175378293237573 0.187325801930517 0.196254080950078 0.205027445703105 0.218172114748477 0.229495653242694 0.2384777141138 0.245535544308057 0.25190550611356 0.257453977462135 0.259111300496784 0.254722707261054
-9999 -9999 -9999 -9999 -9999 -9999 -9999 -9999 -9999 -9999 -9999 -9999 -9999 -9999 -9999 -9999 -9999 -9999 -9999 -9999 0.10731633080837 0.108250968976944 0.103891600670872 0.0896598302054887 0.0775897869918389 0.0665985566089328 0.0685577398358924 0.0697137632079187 0.0685737076990706 0.0616398547901954 0.0511725714244562 0.0523541657573162 0.0547307491555758 0.0583803710844724 0.0692337689180492 0.0854062056555541 0.096911412078957 0.106644588701302 0.111844944012711 0.116992275170353 0.122092459015986 0.132749377995468 0.145094162944025 0.160905337547467 0.174229893557974 0.184897216529224 0.192421554342134 0.199764506368069 0.211509635586363 0.223602977138913 0.236144024864002 0.243473229337638 0.248917132971814 0.251856547881068 0.251983287759985 0.247739801588063
-9999 -9999 -9999 -9999 -9999 -9999 -9999 -9999 -9999 -9999 -9999 -9999 -9999 -9999 -9999 -9999 -9999 -9999 -9999 -9999 0.127119793481699 0.124960865033042 0.115483606686912 0.0923589347555575 0.078050352490874 0.0681414513801218 0.0671337870720464 0.0655850927242552 0.0624835333522724 0.0571574285116397 0.0504746527056797 0.0517402990864869 0.0537843286666021 0.056590157712292 0.0655534111925201 0.0790631109460183 0.0953407886828923 0.109412167397994 0.114014332114094 0.118497246777672 0.122874128265159 0.130494513205756 0.139743030862989 0.154259286950914 0.168288457823485 0.181797123086208 0.190530780468323 0.198454176456875 0.209124804100548 0.219577066388556 0.229748570334651 0.238748519229937 0.246920278402956 0.249435328879421 0.250198492505019 0.248239641866187
-9999 -9999 -9999 -9999 -9999 -9999 -9999 -9999 -9999 -9999 -9999 -9999 -9999 -9999 -9999 -9999 -9999 -9999 -9999 -9999 0.127498976266245 0.137558329933561 0.131372875631922 0.0948936772560356 0.0781674020359112 0.0712988491200422 0.0660430636976045 0.06050942261684 0.0542810395883422 0.0503315659492591 0.0477719178924363 0.0487795439024582 0.0508583024255594 0.0553632404732772 0.0609871742584715 0.0674373388897838 0.0927424609550729 0.115151525983244 0.11834339368396 0.121715770233005 0.125248649239669 0.130997588952411 0.137592544457988 0.146442356305658 0.159924779510285 0.178357671592892 0.18962130448088 0.199141365181844 0.208901754879584 0.216494557371828 0.221300433394362 0.232678322297388 0.24542450466832 0.248619262106199 0.251113983403462 0.252521015527517
-9999 -9999 -9999 -9999 -9999 -9999 -9999 -9999 -9999 -9999 -9999 -9999 -9999 -9999 -9999 -9999 -9999 -9999 -9999 -9999 0.147092081683173 0.147353280659006 0.136286223748646 0.104093938071056 0.0842423093417901 0.0705493017082167 0.0642574463929439 0.058550485820789 0.0539310061607597 0.0490701114125785 0.0440619862097702 0.0480966306417657 0.0528939402289992 0.0582030810336601 0.0645538288459462 0.0716736661287366 0.0849491429887463 0.0997908614402714 0.117733595217465 0.130523787053226 0.138732510156382 0.138998190164529 0.138972869198769 0.144699472293847 0.155257844435899 0.170979507959326 0.179503810238051 0.187433279174201 0.204120926395272 0.215517729382822 0.220111948463194 0.226197046229522 0.233004995780609 0.242841336549536 0.249224200233681 0.25024118433376
-9999 -9999 -9999 -9999 -9999 -9999 -9999 -9999 -9999 -9999 -9999 -9999 -9999 -9999 -9999 -9999 -9999 -9999 -9999 -9999 0.15583905058195 0.153463782588679 0.142622773729527 0.115994629209553 0.0924376316116297 0.0704132939281107 0.0604117400236474 0.0520538888282587 0.047056957082943 0.0428823839630824 0.0392093380477516 0.0460391057229146 0.0533690766807509 0.0601800368283511 0.0678043438468343 0.076029200314087 0.0809284306516086 0.0897638334436419 0.114773797295246 0.133774508430057 0.147431992136302 0.146073248910399 0.143050951277194 0.145283861937967 0.152611806152943 0.165384369633138 0.172129471709972 0.178934630003868 0.197188471702788 0.210547943263378 0.21761458856236 0.220649628906546 0.223284777281575 0.237314971771092 0.24625634579007 0.247290906704606
-9999 -9999 -9999 -9999 -9999 -9999 -9999 -9999 -9999 -9999 -9999 -9999 -9999 -9999 -9999 -9999 -9999 -9999 -9999 -9999 0.155975396225001 0.157993549030302 0.152734954895976 0.13390649216712 0.105322648165328 0.0718703682969846 0.0517961715173487 0.0348560611417501 0.0246558501902504 0.0249855068068613 0.0317369542116232 0.0406838873542156 0.0500009437217093 0.0599763564255298 0.0699773622926197 0.0799972653370935 0.085913895196042 0.0930463858983977 0.106546754521811 0.12384505370183 0.144520346274911 0.150677843383285 0.153265429605536 0.151034953363532 0.154518451236136 0.164107976324142 0.171531477075913 0.178432186923042 0.185434904704857 0.196188213957746 0.211763761790611 0.217294884843485 0.220310664955714 0.232582691984195 0.240894748228072 0.243053954499313
