layers/veg/veg_3400.asc
NCOLS 255 
NROWS 330 
XLLCORNER -2985163.8955 
YLLCORNER -3022031.214 
CELLSIZE 25000 
NODATA_value -9999 
[rows 175 to 199 of 330, columns 114 to 170 of 255]
0.324023302594544 0.330070747273169 0.333319997030911 0.335016911002146 0.349716330456932 0.360576065063496 0.360170648669591 0.361705018142131 0.364547374445234 0.369758692966892 0.376862659920007 0.389465358319178 0.399386620405248 0.407125902417266 0.415416305913633 0.423491490236386 0.430274405689942 0.432276433585445 0.429600300534665 0.422700668423933 0.418340889388607 0.434887099588146 0.449402131433864 0.461528045729822 0.467262515097948 0.471810602271234 0.48243706360624 0.485063461631966 0.476347112292363 0.469735293922749 0.464656971591613 0.474154984599139 0.471661407277446 0.448544809815447 0.434833873921681 0.425370776196142 0.398994182315504 0.382511037301594 0.386882625960527 0.358772128140526 0.312373357524778 0.301679147177539 0.289107950816082 0.267480380803692 0.28090701048549 0.318306537492081 0.359646752347343 0.397454030825815 0.422153114723084 0.475791790817498 0.553305359944567 0.597716698727596 0.630481138695671 0.634314639330084 0.592767660128653 0.506207163185723 0.515555091924773
0.321008137120144 0.324725473799844 0.328204942200016 0.331552450013729 0.344117455328002 0.353217193338065 0.352412450526115 0.355525348693627 0.361279890403686 0.367121271542602 0.374525987303352 0.38704131948603 0.396766346213787 0.404220802175641 0.408175731077526 0.412273208750341 0.419268743600221 0.425687671160753 0.431542380954266 0.428284959701924 0.425373935615402 0.436418887664415 0.449320396343835 0.464405628584252 0.473813477585086 0.481436534006585 0.487541173581929 0.48605479693388 0.473805633050362 0.465751220382037 0.459664709973578 0.461792868278837 0.459565519067121 0.449847610490236 0.432791588994726 0.412349515952362 0.385879354305571 0.367991821487763 0.368195900690432 0.352956306804332 0.329021516980034 0.316441637543194 0.3026999027002 0.284594913709207 0.309041581549444 0.362588514382582 0.385839445909508 0.410340510938728 0.448832749587317 0.491722118092037 0.538239077623288 0.58692891501807 0.629110029235118 0.640935507268727 -9999 -9999 -9999
0.316321287872699 0.317789981386736 0.321688821353139 0.326935817331229 0.337538487864849 0.345209550755367 0.34475583303638 0.349628580923552 0.358092934970367 0.36450312301745 0.371883810244894 0.383078168929932 0.39201113411034 0.399103922985763 0.400172966152068 0.401443739386478 0.407513721207368 0.417531995741811 0.431413726287872 0.432593548573868 0.432105926713781 0.438024458379361 0.448913877114381 0.465650164743571 0.477520830347071 0.487328130785161 0.490782603986447 0.487475866713217 0.474582867515375 0.466923326123607 0.461177250206549 0.45531031415971 0.452232464731062 0.453951259277136 0.433871548028498 0.403817360222604 0.378315568189438 0.358903157488686 0.352326758539805 0.34823491433374 0.345541940084569 0.332670499303766 0.320514751009901 0.311414905070356 0.345937991795629 0.410293968585527 0.414385575888724 0.425274829864282 0.47843372566918 0.511051323630919 0.526722542894007 0.573241630548309 0.615096859206837 -9999 -9999 -9999 -9999
0.307438739949475 0.308181826591149 0.312095286161848 0.317767552210811 0.331525946340807 0.341527285619635 0.340988835455652 0.345366421225523 0.353058862707714 0.360565842909569 0.36779824056426 0.374184774898932 0.380760193447728 0.387489313797871 0.392423177201794 0.39639214298217 0.397346831763279 0.406970489414227 0.425076846379674 0.427666885714449 0.428220771010581 0.436604808017435 0.447168206850682 0.46029501995866 0.471273568292034 0.481381838751198 0.489070748500985 0.492001866574265 0.488187234405686 0.484912443927854 0.481744314836981 0.476827248902599 0.473220062545093 0.471865594313677 0.449674331544247 0.417954557021956 0.392164546515139 0.369519501979149 0.353503837006875 0.351643263262024 0.357752379825821 0.345271041944906 0.337483839410257 0.344169883983143 0.377176672309442 0.428183714329093 0.42865234963787 0.439177674511298 0.499740821057558 0.537802413882313 0.557300435233437 0.588325107158161 -9999 -9999 -9999 -9999 -9999
0.296272022091554 0.299263090661245 0.305481704677798 0.313490842386016 0.326209536085703 0.334871141870873 0.332570222613162 0.335770886342027 0.342681236907043 0.35067178947348 0.358006704458813 0.362858745538749 0.369784928163602 0.378398913515549 0.384970986249723 0.390031739948746 0.38986957602597 0.398879941442465 0.416865746672708 0.420277869365496 0.42179237680567 0.430751392267641 0.441689271198382 0.454954733737387 0.466443593047158 0.477379083295309 0.487888062524451 0.495251058561691 0.49815357832746 0.496060145859396 0.492455635139849 0.495006675541622 0.495275716029637 0.491620195313547 0.470260061275847 0.440766086750339 0.4062536137147 0.376053997478429 0.354945597170145 0.356614179120945 0.371106803803364 0.359954868789791 0.355710063296414 0.372563991513396 0.399811156520113 0.434166057564343 0.456213203029602 0.485513634592766 0.543090581569424 0.57091102635221 0.574182634991591 -9999 -9999 -9999 -9999 -9999 -9999
0.283054783477349 0.290963252507897 0.301543255563126 0.313605327590902 0.321518049394461 0.325545319421739 0.319975811157966 0.321387530573261 0.32750665301863 0.335430284797259 0.343092868820826 0.349348916646319 0.359057139250213 0.371574519223169 0.377785951809554 0.382496408938993 0.384806829672912 0.393007595943105 0.406972142288293 0.41067837521325 0.413080893564028 0.420917743778497 0.43285894822075 0.449627786187937 0.462885929453747 0.475121058839248 0.48718041697515 0.497354048155468 0.50485403493695 0.501066244648256 0.494319361397582 0.510189989878627 0.518290173098795 0.513026820314593 0.495139486648396 0.471364646439898 0.420558210946299 0.378924178885619 0.356624964572538 0.362987825956963 0.385488193150577 0.376508879387699 0.375064829489314 0.397043303936009 0.41472157307595 0.429459013978655 0.495708276300837 0.560965106343958 0.606228249133631 0.609726846096641 0.5787700831715 -9999 -9999 -9999 -9999 -9999 -9999
0.283570695603337 0.289030002006057 0.29553086136369 0.302609536052693 0.307761382683907 0.310743400304165 0.308325440170512 0.310533152440323 0.315859929907434 0.324159226206997 0.332263127112143 0.338821031431134 0.34591276375466 0.353438890907247 0.362596490719612 0.371278538845583 0.376835638709527 0.384981792633869 0.395661369786868 0.401585162457887 0.406751152668999 0.413505719321479 0.422301005902727 0.433496633048254 0.452696956752782 0.472665902228686 0.478234590923 0.484948992690361 0.493287823345133 0.49281148680467 0.490319095703798 0.511133617385896 0.523531016352922 0.52145272973441 0.498374269525446 0.465690242850668 0.438356740917924 0.415314403898177 0.401317557749443 0.401846351414815 0.410553464032248 0.403498346674546 0.401927818906002 0.416578677336328 0.428813516611694 0.439396086554373 0.506292715395971 0.57206151704964 0.615829100778443 -9999 -9999 -9999 -9999 -9999 -9999 -9999 -9999
0.284206341964765 0.284516596690289 0.286307200231087 0.28891904693308 0.292592522080829 0.295761694338191 0.29751860374935 0.301042219832812 0.305757116408012 0.313600981399179 0.321466894699667 0.328453742326036 0.332889217108474 0.335248549086499 0.346722714109078 0.358762993555897 0.367319662398147 0.375637216556003 0.383720793870725 0.391802755361469 0.3995970305985 0.405647754308783 0.411624785860619 0.417515139042387 0.441600063802481 0.468005251357128 0.467103524641151 0.470471101513528 0.479891834486859 0.483690303139925 0.486477982153307 0.509395397763583 0.524313288380603 0.525473673902841 0.496100732089082 0.452881135683322 0.449337128771648 0.445252418906266 0.440027943096007 0.43557658389233 0.431560509762267 0.427923859380689 0.426691720712303 0.431728280277994 0.441304092588011 0.453984213109892 0.517194637239418 0.574362651622095 0.594940593008024 -9999 -9999 -9999 -9999 -9999 -9999 -9999 -9999
0.272519691888176 0.260757173525992 0.262548186538234 0.271858201042847 0.278712099742811 0.285015498707298 0.290153794944782 0.295227831927406 0.300258539251558 0.302962565804058 0.306995366741455 0.316101981432555 0.322762605553354 0.327432840172958 0.334875589151276 0.34305327852148 0.352611441603557 0.361549692362681 0.369881350813548 0.378004567106306 0.385966226546515 0.393218738619304 0.401968715409014 0.412480043794765 0.43208814199676 0.452205625141953 0.452512428148647 0.45901677939123 0.474308214086338 0.482612417483776 0.488978159612774 0.507300817842865 0.518945232162477 0.519104467712092 0.485933301104365 0.437607433460157 0.422016597223972 0.410482852965972 0.407501189365696 0.412372390968334 0.421664963136323 0.429353523206924 0.433604308453887 0.429015372089742 0.446343062582867 0.478659115381759 0.556961573366424 0.618435053020372 0.608661187605558 -9999 -9999 -9999 -9999 -9999 -9999 -9999 -9999
0.254364496199165 0.246710217221124 0.244331538467014 0.244879568986012 0.259144044315157 0.271655872437446 0.278215161835166 0.279958641100824 0.278454846355364 0.27905162544 0.281829099938793 0.291133427610462 0.301279269827441 0.31210988235238 0.318334497892539 0.323827217363403 0.329147182608897 0.338345462638098 0.351338724360177 0.357640797123729 0.363192531076734 0.372895918895846 0.383840061519993 0.396243607782466 0.414745323895821 0.433500927561601 0.438147196762224 0.449098431286824 0.468989048670316 0.480450158505467 0.489185937127346 0.504943844745481 0.513845902383489 0.510957336064426 0.478118181511858 0.431628988084458 0.40598809087105 0.388228709052635 0.38708303866237 0.394401507675546 0.406485510777543 0.426034932483885 0.44049679160081 0.440738987057686 0.459843344176644 0.49184717322175 0.570535668483409 0.633319774466303 0.627727320474664 -9999 -9999 -9999 -9999 -9999 -9999 -9999 -9999
0.229230644969058 0.243141653545368 0.232094327331653 0.207201033498946 0.233439828681647 0.25547672021808 0.26134201233764 0.254489040978351 0.239060215229279 0.240821488138503 0.245124706489224 0.252553119746929 0.267543617922293 0.288687653486565 0.296729273844379 0.300807510797127 0.296236383670911 0.305305583389748 0.327722021161391 0.330193683210712 0.33055493517593 0.344056789237701 0.35657067571136 0.367922492542581 0.388954064507333 0.411662064498836 0.424025642218874 0.440837184211492 0.463955193176112 0.477118012454122 0.486920535887928 0.502303786128414 0.509036490828146 0.500892071642412 0.472840876741295 0.435678824117163 0.40214209955586 0.37947695416317 0.379728376210087 0.382076633152638 0.385605463535381 0.417593639548281 0.447367584703425 0.468037590339028 0.482472196953618 0.492642533329152 0.555851353440834 0.6107598224697 0.620703969223889 -9999 -9999 -9999 -9999 -9999 -9999 -9999 -9999
0.204057502535779 0.231090022245657 0.224295504042022 0.198734987403904 0.205394444005032 0.213550143622177 0.222211912900298 0.225429586369023 0.224976336285719 0.227663859695228 0.231516393302079 0.238241975811802 0.248636239391398 0.262015839207923 0.270161474555835 0.276114157931216 0.275967926222995 0.285161350915663 0.303493751435678 0.309175090713592 0.313466810385649 0.325784349750515 0.339648522079272 0.355331878799258 0.373235443274253 0.39157448297444 0.408023139611015 0.424436903442203 0.440801195130352 0.457301635244246 0.473702814032785 0.487247961567304 0.493867454818515 0.488576275352578 0.47022588923275 0.445893422405611 0.422552323012889 0.405407406824306 0.401323633645723 0.394542596315151 0.386242928010987 0.413307246069219 0.440613283929313 0.464464576448767 0.48667374054681 0.507759884396665 0.56059184899186 0.603641666213198 0.603654650059014 -9999 -9999 -9999 -9999 -9999 -9999 -9999 -9999
0.180462773986383 0.214400727149935 0.214598718000696 0.196079016762656 0.179026985991957 0.170097689327638 0.181981586634087 0.198357282896503 0.217761774234489 0.221271328068426 0.224242932300055 0.230280495465223 0.234313031385852 0.236714005343162 0.244284769381491 0.252380862850896 0.259386704338553 0.268577068947672 0.279905017975788 0.290094097283706 0.300086611920813 0.31036795830299 0.325235847171146 0.345498530211541 0.359764440812405 0.372886663001755 0.391422649599768 0.405909309931386 0.414654705092489 0.434146179458959 0.456995325439301 0.46866010190974 0.475616686485799 0.474476168542802 0.466697064448704 0.4558778488433 0.445789899163923 0.43553581656714 0.424931536805195 0.409024266817114 0.390131273237919 0.407580856902463 0.427537831757621 0.449874976504734 0.480626047763871 0.517131242583973 0.563138089293679 0.59519652683109 0.577462389572704 -9999 -9999 -9999 -9999 -9999 -9999 -9999 -9999
0.168844786516366 0.178826494581626 0.182173828369031 0.18184065493525 0.169751581249415 0.163962566692798 0.175659474972441 0.193076592953204 0.214350816548849 0.218348283344977 0.22094243434744 0.224179212070092 0.226439326572647 0.227904695484975 0.233029605186949 0.239060651012014 0.246636592058226 0.254383758295845 0.262298470620617 0.27343377365678 0.285180915980139 0.296450941074804 0.310125341452702 0.326627821981499 0.344141715874366 0.361433069284879 0.373879695097669 0.386774035408362 0.400303159750778 0.417070099192365 0.434741073886294 0.446981799345987 0.453772094997416 0.451188794601684 0.451228926351829 0.452436738147911 0.444351783234653 0.431553523884464 0.408819931560372 0.391696152049093 0.377730845350833 0.383117287694862 0.392633423557121 0.41075350871476 0.432235337070391 0.456016197360023 0.512304072611421 0.559624037336483 0.5663879826492 -9999 -9999 -9999 -9999 -9999 -9999 -9999 -9999
0.154189575453971 0.151668938956714 0.155475693794715 0.162792652990409 0.157807957891189 0.157436159117855 0.170252293362231 0.188091805509054 0.209318553461132 0.213147684241347 0.215164397661088 0.216516207968893 0.217526341863439 0.21825844151124 0.221075880002344 0.225022954572522 0.232509639277726 0.23927195712195 0.245325472527575 0.256181451646376 0.268330733760496 0.28208008161705 0.295787515771297 0.309445650088545 0.325231211420114 0.34133914653267 0.354737538067116 0.369512592779411 0.386239524874397 0.401610222654067 0.416369824552244 0.428955097207136 0.43642610805065 0.435101661290696 0.439093070239764 0.445451979624235 0.43336360011822 0.416970890256031 0.391504937642284 0.374849362951745 0.363154263783545 0.358314383790544 0.357730714705118 0.367528184278134 0.38575193837935 0.409738267452645 0.467413529779234 0.511726055609186 0.500380383110901 -9999 -9999 -9999 -9999 -9999 -9999 -9999 -9999
0.135591304350617 0.135438291254046 0.136212289770917 0.137500560289111 0.14240033332131 0.150401767864719 0.166032915025756 0.183491171975516 0.20218143890276 0.204990261777677 0.206169908947479 0.20682570792479 0.207264117328888 0.20752562910736 0.208215251574591 0.210053787408991 0.216595210338862 0.222967730311478 0.229174976533407 0.238160570753424 0.248956132144785 0.267120023799059 0.282452818007821 0.294455611884791 0.302052363974453 0.31002796067034 0.333519224508879 0.354683842851629 0.372549668291478 0.388248574364452 0.403039663048194 0.41566906669915 0.424920411510112 0.428362203661277 0.431283332222029 0.433866698377761 0.409977090975119 0.38862641804954 0.372627650515622 0.358627452451902 0.345752501797886 0.3330709403466 0.322830212023637 0.318975048876964 0.341744697769436 0.382722546845469 0.430239071565092 0.471135630009381 0.487743795211743 -9999 -9999 -9999 -9999 -9999 -9999 -9999 -9999
0.121807242336804 0.122003676179838 0.123381513909031 0.125414751130631 0.131880614990087 0.140589158668847 0.154624720405228 0.172905711117729 0.19404937099744 0.196918261283945 0.197822181873727 0.197826662363581 0.197841706323287 0.197865346154026 0.198079120402595 0.199770243505276 0.207743424771694 0.213992972971249 0.218555923692574 0.226987816013024 0.235799892200332 0.241885740794727 0.25146501424657 0.265153332391605 0.277046557020034 0.289872604462056 0.316387425986819 0.340066030504944 0.359723355223668 0.37711205812426 0.393446204336964 0.405523947347247 0.415809932949265 0.423014471628672 0.426349757885872 0.427817763809189 0.404237692480042 0.380543547793951 0.356608944041433 0.336340759238576 0.318136865163422 0.290931386210361 0.265043514736232 0.243655665842362 0.277616118839981 0.349428217857816 0.395785675006042 0.429174197674439 0.427362909355426 -9999 -9999 -9999 -9999 -9999 -9999 -9999 -9999
0.110041473716046 0.109928012041113 0.112904178569841 0.117594357368319 0.12301045687958 0.130048004238033 0.141195154886346 0.160212170592865 0.184535792576149 0.188390552649856 0.189742604039177 0.18909545767148 0.188838406786351 0.188898790466341 0.189250368043636 0.191358723135243 0.200894926264986 0.206393114000863 0.207940050910053 0.21596663395606 0.222732512515786 0.21341911090656 0.215914076455801 0.232298308380502 0.252163686734768 0.273627480542405 0.300792615202705 0.325632694536891 0.347176235561947 0.366769741050738 0.385280589942783 0.396760128640639 0.407966648289346 0.418703632439033 0.422966857582545 0.424185239340264 0.404691525362342 0.379730141795272 0.343243273573783 0.313848670837637 0.28844720093241 0.24532249972312 0.203357358869336 0.166485851102647 0.212712762165163 0.315769093948289 0.36417103466579 0.39737783128833 -9999 -9999 -9999 -9999 -9999 -9999 -9999 -9999 -9999
0.104022531618358 0.103627329850094 0.105624493369401 0.108948853297571 0.1147595195795 0.121883104908651 0.132136573418102 0.145607611963706 0.161248240105004 0.173549969523092 0.182395965610934 0.180901983042892 0.181712431608048 0.184398077726879 0.185829538724891 0.18733511493415 0.189979167130344 0.18538345938436 0.173703551934726 0.177629062042779 0.184224256057664 0.186717587923233 0.196325107482623 0.214300494216069 0.236700542097989 0.260693069348274 0.287775989327666 0.31270462717956 0.334578854462288 0.357273983327568 0.379765135594277 0.392587674604385 0.406415406490264 0.42197185928411 0.4275183425666 0.428406250698127 0.410483485695217 0.387116671666905 0.352274163565064 0.314619586014308 0.275381739074877 0.226712584324232 0.188680663306546 0.179665303850646 0.223771806504438 0.304207335556416 0.357965066725637 -9999 -9999 -9999 -9999 -9999 -9999 -9999 -9999 -9999 -9999
0.0977548029881867 0.0952402063284837 0.0972083438246281 0.101663337615016 0.108947044307925 0.116812599606961 0.125885365035863 0.135527942421149 0.145554740842243 0.162293913021384 0.175420918805657 0.174637337739385 0.176145601273398 0.179518820251705 0.180387883197487 0.179600944189141 0.173264880925191 0.162372303150662 0.147021116388635 0.14902969700539 0.155245071640795 0.164403373341606 0.178382817164409 0.198032996514631 0.222626067939611 0.248972839241192 0.278532561272625 0.30522088361151 0.327838043006011 0.35100646847827 0.374004650372257 0.389873234539296 0.406856332112248 0.425756158975127 0.433574181000433 0.436240495345888 0.419602480706722 0.397502744070508 0.363890059909331 0.320748642876451 0.27224229750781 0.221475757592555 0.188877986250281 0.204240106044901 0.243151437790499 0.298167625590596 -9999 -9999 -9999 -9999 -9999 -9999 -9999 -9999 -9999 -9999 -9999
0.0910966295915824 0.0835786286398216 0.0870086308728975 0.0965121832392317 0.106961483329776 0.116598426122473 0.124040038748249 0.132549618939863 0.141779323726542 0.15666340082434 0.169029046672211 0.171399790839481 0.173025687732182 0.174045475912406 0.171774749659745 0.166043428782631 0.147450405392685 0.136219996856961 0.132194003161635 0.135713441833995 0.14122078156777 0.148974586146533 0.163024818915416 0.184481051783462 0.21073096866611 0.239158140941664 0.275210777475512 0.306281443905356 0.330288512700193 0.349805347385468 0.367859614502649 0.389446996808726 0.410423758737513 0.430350381694468 0.441990946794224 0.449745336443769 0.433942913008428 0.412596288665663 0.379562856728239 0.335286749690015 0.284680719562314 0.237226612263974 0.21241854495406 0.246698732208808 0.275589370884884 0.300794200276176 -9999 -9999 -9999 -9999 -9999 -9999 -9999 -9999 -9999 -9999 -9999
0.0911053983417906 0.0872100487680783 0.0889041884867482 0.0936991716070362 0.104409649556588 0.114525909025831 0.122492249849551 0.130793112703135 0.139319541902552 0.15407039682629 0.166374008040825 0.168743283102045 0.168658188005692 0.166575884640022 0.156637651445582 0.145093052284605 0.13170125086594 0.124039529762417 0.121984767120864 0.122049973599199 0.123261253528514 0.128668910280453 0.142535891382812 0.166352919573194 0.19382485442713 0.223340509648559 0.262301347817603 0.296319287430597 0.323329026307393 0.345265888643881 0.365835302619025 0.395849734753589 0.422328223871951 0.442725632663508 0.456858072978174 0.468019861531945 0.45272441871077 0.431233452746357 0.396682735136522 0.350442177288484 0.297619930565454 0.267144685689659 0.250628539749815 0.268175158253494 0.275301432541569 -9999 -9999 -9999 -9999 -9999 -9999 -9999 -9999 -9999 -9999 -9999 -9999
0.0938280198461877 0.0969119046863586 0.0956188110136756 0.0918975303939125 0.101646205414595 0.111678398329883 0.121039391101228 0.129490814140072 0.137328919362669 0.15245910114453 0.164878335329601 0.166172046952172 0.163608623475771 0.157906512017942 0.138864895111481 0.12151986230078 0.120222111212138 0.117594774161834 0.11366641987466 0.10844338775895 0.104096516405651 0.106750367932891 0.120160775304871 0.146223284987458 0.174725670933291 0.204982363475577 0.245235203387614 0.281500953488624 0.312113679269579 0.338973969639849 0.365143414641579 0.404437456909839 0.436945748564062 0.457783972467606 0.473849140583437 0.487619589778794 0.472823420519412 0.450885970756328 0.413895175593276 0.365693435269547 0.311179636650867 0.302824237839352 0.302617691583128 0.318466805866057 -9999 -9999 -9999 -9999 -9999 -9999 -9999 -9999 -9999 -9999 -9999 -9999 -9999
0.0947700376615962 0.0965556328837149 0.0950710379891178 0.0917722617060216 0.0997634821395518 0.108611746223039 0.118496231349301 0.126196627567641 0.132424304772111 0.140202832328109 0.148420041846301 0.157607122572767 0.152166899404311 0.134823918941226 0.123606376906908 0.114842274951636 0.112725792613537 0.109283674163481 0.104544403456103 0.10258129435132 0.101295372257895 0.100507019531368 0.10696967581832 0.121961131585125 0.151047836537934 0.184484796085494 0.220926344212048 0.25537227113491 0.286988742055329 0.318381531697215 0.350034555072934 0.388239532979044 0.423062824426003 0.452070324469102 0.469748677005354 0.482152804791246 0.472809808590019 0.453104332545537 0.411555436655014 0.374778796855881 0.340689063309125 0.334509832436052 0.329937793106409 0.326357673737781 -9999 -9999 -9999 -9999 -9999 -9999 -9999 -9999 -9999 -9999 -9999 -9999 -9999
0.0874573322122227 0.0878959928393295 0.0860525661077095 0.0829431211125126 0.0892883884862727 0.0970237053084608 0.107362175288418 0.117260346107913 0.126861625650202 0.130524651451784 0.136525801316172 0.152015702177827 0.14476014648823 0.118995804023575 0.111622175117308 0.107416655188272 0.104966769484013 0.102183570201321 0.0990742192268037 0.0989037660702653 0.0990726820077484 0.0974776141369502 0.100541231656763 0.109084499451785 0.137225655906326 0.170877410201681 0.203615580373162 0.236379410608132 0.269179622507379 0.302651226039761 0.336510466064161 0.373075412948574 0.408132091098422 0.440594863382913 0.459313474434233 0.471646245443627 0.460983367335122 0.440711107115896 0.400182907094564 0.371741286552259 0.350104729558543 0.351011171794019 0.352386631130731 -9999 -9999 -9999 -9999 -9999 -9999 -9999 -9999 -9999 -9999 -9999 -9999 -9999 -9999
