layers/veg/veg_2200.asc
NCOLS 255 
NROWS 330 
XLLCORNER -2985163.8955 
YLLCORNER -3022031.214 
CELLSIZE 25000 
NODATA_value -9999 
[rows 225 to 249 of 330, columns 56 to 111 of 255]
-9999 -9999 -9999 -9999 -9999 -9999 -9999 -9999 -9999 -9999 -9999 -9999 -9999 -9999 -9999 -9999 -9999 -9999 -9999 -9999 0.268727251110719 0.24311339091249 0.221016157477061 0.2054768218857 0.154365431373242 0.0855017600242341 0.0453826641046546 0.0162370562375959 0.0113186331101111 0.024831144380905 0.0495840253876232 0.0562284339752448 0.0574617327258364 0.0464548890432094 0.0499840110499927 0.0642460275875327 0.0748060478836776 0.0826843214008105 0.0822038763291951 0.0859080959549505 0.0933331800948348 0.101885508121821 0.112906668065743 0.135361779902513 0.157494018369314 0.179281230144601 0.190088576583771 0.197746890273127 0.202244992960686 0.205417333286913 0.206885104492243 0.200830031211275 0.192801005408505 0.190570028568269 0.191992819223965 0.199092692984608
-9999 -9999 -9999 -9999 -9999 -9999 -9999 -9999 -9999 -9999 -9999 -9999 -9999 -9999 -9999 -9999 -9999 -9999 -9999 -9999 0.269038001683165 0.253437354944502 0.239312092103423 0.227938163860457 0.162705916768829 0.0705956047549832 0.0543444835577777 0.0403810718336538 0.0290418207185103 0.0387619746253315 0.0613255087835397 0.0625977511899785 0.0587918520130827 0.0443023100549329 0.0481989184165095 0.0656712751270261 0.0802153363987906 0.0900253020943418 0.0834712341725065 0.0842812641881729 0.0916392048910294 0.103453638441552 0.11468991695331 0.118957547419322 0.138012132319841 0.172868249463773 0.18615823206497 0.193963225967163 0.200721707046766 0.204376189251416 0.204039774755523 0.206595756158315 0.208278917811622 0.187179367614923 0.176021370314134 0.180310174717382
-9999 -9999 -9999 -9999 -9999 -9999 -9999 -9999 -9999 -9999 -9999 -9999 -9999 -9999 -9999 -9999 -9999 -9999 -9999 0.283480571742461 0.284057525463434 0.274600424545443 0.262278477847568 0.24461409158169 0.180869389341735 0.0941282447533327 0.0663656155264901 0.0491031885298163 0.0539298764465068 0.059535631663394 0.0656165122490848 0.0719679055123276 0.0749171421903953 0.0679915746517322 0.0759012628305395 0.0947648317734169 0.102589243773403 0.105242914623732 0.0935195776538788 0.0918966893503134 0.0992547836910169 0.105046685721939 0.11047863855947 0.115517861493847 0.127454596297469 0.146762102187452 0.167798336882532 0.187469153888756 0.193919817959084 0.197504348469817 0.197403812256265 0.201587801162022 0.206086689892991 0.197089134347514 0.188366257929455 0.180070167352391
-9999 -9999 -9999 -9999 -9999 -9999 -9999 -9999 -9999 -9999 -9999 -9999 -9999 -9999 -9999 -9999 -9999 -9999 -9999 0.302178882144354 0.29312572435771 0.288793476110685 0.277133321560576 0.251807895092825 0.192630627176104 0.116559553220642 0.0794882368429582 0.0579841664889952 0.0709110981726962 0.0730932830518332 0.0687226299580095 0.0777057704790224 0.0855482875590654 0.0876006929083535 0.100061796184713 0.120208350805742 0.125107610092139 0.124353496130634 0.109297458897697 0.105224696193034 0.110917895494089 0.112134479671489 0.113421574359567 0.119133845547799 0.123366973416809 0.126019469455588 0.149452746540226 0.175717687776517 0.184907420888863 0.190647101926667 0.191950956150194 0.196293646162693 0.201377651057238 0.203413441601294 0.198166611979956 0.181604327845779
-9999 -9999 -9999 -9999 -9999 -9999 -9999 -9999 -9999 -9999 -9999 -9999 -9999 -9999 -9999 -9999 -9999 -9999 0.308741652700046 0.297350731086359 0.281826490530066 0.280404107851262 0.267288395800216 0.232366656367649 0.183675530287769 0.128112773675092 0.0952297628185568 0.0704001973962792 0.0632959492599554 0.0641430750874845 0.069839460389924 0.0722022462837862 0.0771345309113567 0.0901098172936196 0.107974274205721 0.129448739063691 0.144672719453112 0.153304350714575 0.140117520975247 0.133453385616765 0.132589012918704 0.135319198175439 0.138522452227021 0.140845445084057 0.136462603159404 0.124913818782492 0.134021085240694 0.149099349844664 0.170467955404242 0.184993145101559 0.190719566859384 0.192305164141001 0.192810319803044 0.196583594262283 0.194874438846916 0.184646895206289
-9999 -9999 -9999 -9999 -9999 -9999 -9999 -9999 -9999 -9999 -9999 -9999 -9999 -9999 -9999 -9999 -9999 0.308445913131786 0.30850660766863 0.296262465332231 0.279455560491265 0.274827745074565 0.257951857640816 0.218235444188142 0.176997661437216 0.13500063733522 0.102864935072054 0.0784415119213368 0.0714043554338264 0.0716463272185311 0.0763275797996863 0.0778605457202075 0.0817525374978539 0.093045116419093 0.10712904547826 0.123274018658535 0.139943702606927 0.153620049568342 0.155889911333751 0.153221298970123 0.146161559844958 0.146564207990255 0.148013669683417 0.147962246888375 0.142497489376856 0.131247971829341 0.130821137278198 0.135102728468438 0.15432471763934 0.171063065784473 0.184608128373009 0.188571471782248 0.189556237826391 0.192076535612293 0.192303050491687 0.188965573902152
-9999 -9999 -9999 -9999 -9999 -9999 -9999 -9999 -9999 -9999 -9999 -9999 -9999 -9999 -9999 -9999 -9999 0.30835663881736 0.30819131071872 0.297967397165571 0.283752887518363 0.271352323767852 0.248995017494893 0.208070116556325 0.172020579467658 0.138404099126366 0.10444573778745 0.0832154943621584 0.0912561688423837 0.0914381286792653 0.0868273386570538 0.091855244887241 0.0961035403312113 0.0962987114706356 0.0997429730152234 0.105586259528955 0.117070200249036 0.132549090435682 0.160423689561777 0.166670136365878 0.153685550267472 0.148891841255831 0.145846544100184 0.144178673279503 0.143258937994559 0.143138670094381 0.136756654552636 0.130532852932897 0.136908988277448 0.150951822207008 0.174851941309537 0.185028073460346 0.190270447350094 0.189304291598372 0.190269992630278 0.194237338271408
-9999 -9999 -9999 -9999 -9999 -9999 -9999 -9999 -9999 -9999 -9999 -9999 -9999 -9999 -9999 -9999 -9999 0.306125133528939 0.306056897593161 0.300075485276889 0.291344180694573 0.271067587173715 0.245292413807649 0.209263344493976 0.173910747055165 0.138895743796032 0.11205911873789 0.0938490130181153 0.0951852564380792 0.100440852632966 0.108086722341049 0.103410858358092 0.0995943150913077 0.100562644167969 0.100780138859753 0.100443241333288 0.106548086282832 0.115869942281672 0.134326663712542 0.142834083608055 0.142494915855448 0.146908087878645 0.150579927340455 0.146190732057161 0.144312793789382 0.145118417500366 0.142276369645379 0.13958747316354 0.144687938493249 0.153929948067723 0.168496854952879 0.177508903475542 0.184344623396464 0.186408180833072 0.188174634774815 0.189479460757747
-9999 -9999 -9999 -9999 -9999 -9999 -9999 -9999 -9999 -9999 -9999 -9999 -9999 -9999 -9999 -9999 -9999 0.311159864669644 0.307381436582887 0.303259060684792 0.298293593620045 0.271327123736062 0.24260144194421 0.210595135634594 0.175226093607489 0.138178873893758 0.121902088442098 0.10813080250637 0.0993976847532762 0.10826946830201 0.12787785345329 0.115307137102999 0.104837958116456 0.106452923180523 0.104692148396444 0.100438834724508 0.102245823336088 0.105645189675853 0.112285636104098 0.120673072394455 0.130613873901518 0.141811279024477 0.150817476577867 0.147623741474786 0.145758697775942 0.145313511029967 0.146102689083413 0.14763884158024 0.152426479229158 0.157536035333837 0.163059490848502 0.171029733578873 0.179521986994934 0.18461678035648 0.186361097394432 0.18289957346101
-9999 -9999 -9999 -9999 -9999 -9999 -9999 -9999 -9999 -9999 -9999 -9999 -9999 -9999 -9999 -9999 -9999 0.313519473405692 0.315715047904821 0.31033694687838 0.301268606042806 0.272163094741474 0.241297591007495 0.207150007212669 0.171153357115165 0.134233928045141 0.137392141292671 0.133525753369628 0.112119419848865 0.116678224510621 0.137072241164839 0.129635296756373 0.121805708538891 0.118045092450369 0.115584503373243 0.114083812874482 0.115787579548198 0.117870824675217 0.119941529073761 0.122277468442594 0.124849245915607 0.126910200842301 0.130767322024913 0.144152916895091 0.148556295053075 0.143361159357263 0.143695032880777 0.145521095256224 0.148249132449536 0.152746252614685 0.159517931399125 0.170354530357382 0.181987024175845 0.187076668790633 0.185646430996348 0.174085851216154
-9999 -9999 -9999 -9999 -9999 -9999 -9999 -9999 -9999 -9999 -9999 -9999 -9999 -9999 -9999 -9999 -9999 0.340355873668535 0.324916215802787 0.315659372153758 0.308100934614344 0.275868913093763 0.241765065830665 0.204170588816584 0.169262672759234 0.135695488484015 0.147832112942524 0.150780818414669 0.131021193874566 0.131035758315861 0.143109895569684 0.130577007425599 0.119926502984241 0.119311760869436 0.120236095566992 0.122296835609386 0.123212594812908 0.123543515622005 0.122202120003278 0.121130742894472 0.120299457254013 0.118561637999537 0.120129606715954 0.139203873234424 0.146642109331687 0.141645931655619 0.140397632481901 0.140392048676797 0.142702065728325 0.146762984088135 0.153075084402485 0.162875838182153 0.173553995795498 0.181064724794927 0.181695336558179 0.171635887345999
-9999 -9999 -9999 -9999 -9999 -9999 -9999 -9999 -9999 -9999 -9999 -9999 -9999 -9999 -9999 -9999 0.346454222482056 0.34008049482808 0.323943639210925 0.319403272145945 0.318401794443371 0.282155322417323 0.243825331736646 0.201609940808832 0.169334108112611 0.142018625036615 0.153731008926823 0.160716429387523 0.155480111099013 0.150742483175689 0.146308988725323 0.119481510114603 0.101099955445253 0.111293651720681 0.119275941160598 0.125625398160119 0.125137384959502 0.123323743934602 0.119611209772908 0.117510185572719 0.116842062372625 0.11610515228847 0.117955636266842 0.132925602492022 0.140491048545221 0.140143927831358 0.136300166587535 0.132555215476124 0.135923335267829 0.139706523044129 0.144023375140863 0.149279391281659 0.15532133482414 0.16743483753043 0.174834018693493 0.174908268750746
-9999 -9999 -9999 -9999 -9999 -9999 -9999 -9999 -9999 -9999 -9999 -9999 -9999 -9999 -9999 0.358952967798894 0.358984559729866 0.351470762392677 0.332399113048568 0.325892095432106 0.323265525336851 0.28389120439943 0.245116514216844 0.207460031196862 0.174349313419641 0.143507165771009 0.159880013714791 0.171399594994944 0.170122737554453 0.16000981199621 0.144508083542298 0.136787442615724 0.131816971362381 0.13333340868086 0.132313466964146 0.129420743675404 0.128232811204935 0.126475451850411 0.121832531525452 0.118353216836939 0.115908541536336 0.114979457220693 0.115325331006228 0.120727407997199 0.126190419465124 0.131718546309348 0.129828772956318 0.1266284524033 0.127313994079479 0.129553761288792 0.133791839000773 0.13842086813622 0.143496429463168 0.15260299229206 0.160474772300626 0.166427994356239
-9999 -9999 -9999 -9999 -9999 -9999 -9999 -9999 -9999 -9999 -9999 -9999 -9999 -9999 -9999 -9999 0.371446850974107 0.363255644199404 0.342517337163144 0.333985180487055 0.329204913313315 0.288168175965932 0.249775341170398 0.216312925214906 0.182576155109842 0.148702468205265 0.167938394529222 0.182024414207814 0.182427353938143 0.16972253943639 0.149023772984486 0.158860349566758 0.165427818469743 0.156846898451271 0.146423660098496 0.134640112510224 0.13224384033894 0.130091091930953 0.124661321310793 0.119972920066286 0.115943719785589 0.114369513552289 0.112836105494828 0.109276929710091 0.112075175832765 0.121667045868994 0.122771194140749 0.121605658436183 0.11921034903789 0.119615527195512 0.123621369205496 0.128435372101856 0.133543341769663 0.139060163306061 0.146110136963776 0.155542263294024
-9999 -9999 -9999 -9999 -9999 -9999 -9999 -9999 -9999 -9999 -9999 -9999 -9999 -9999 -9999 -9999 -9999 0.366014919324522 0.352262480954026 0.347738983589503 0.345838361275001 0.309846424222151 0.272508086572636 0.232658945768372 0.202658100032523 0.177572058915175 0.185593843463511 0.191640104378706 0.191995176361057 0.191624937858058 0.190812358350934 0.178563171954846 0.16698008713813 0.159458457804169 0.152789955362731 0.14675137467224 0.139860974233395 0.132900314301316 0.126057256334897 0.121361729842142 0.118575716830444 0.115154445623499 0.111506071401986 0.107289116321266 0.106639854239153 0.109803075397033 0.114944779686298 0.119428128915123 0.115446532396965 0.113717239421865 0.114883795041024 0.120351039856525 0.127156950031116 0.13329570579798 0.138825149743208 0.143407868465198
-9999 -9999 -9999 -9999 -9999 -9999 -9999 -9999 -9999 -9999 -9999 -9999 -9999 -9999 -9999 -9999 -9999 0.38946985332677 0.379540835647739 0.377091361551814 0.376384872965058 0.336100075253155 0.293321677119913 0.245893147502701 0.217630244436653 0.1989319725312 0.193673998986682 0.191648228509971 0.196585744438267 0.20632735462708 0.218998810615759 0.194758918954574 0.172922647345416 0.164927486500394 0.159674553844352 0.156446395225377 0.147067611816934 0.137505824754062 0.130003664652629 0.124740448653714 0.12146802720171 0.116769274920635 0.111773073337015 0.10657240200062 0.103275608667067 0.102013324182692 0.107267620459 0.113089980423613 0.111199956753296 0.109579267669262 0.108304869468388 0.113314362388586 0.120295128133664 0.126493818007777 0.131997243184076 0.13642039287108
-9999 -9999 -9999 -9999 -9999 -9999 -9999 -9999 -9999 -9999 -9999 -9999 -9999 -9999 -9999 -9999 -9999 0.400352459580758 0.417975771620337 0.423300481858599 0.42196666400585 0.367298177068263 0.312061315450409 0.255764533817794 0.227080436255581 0.212176485028913 0.191406526258296 0.181273848679017 0.195797597162172 0.213249045484026 0.232485993550584 0.207164712914661 0.183609616189594 0.173484465532492 0.167119261430189 0.163530282222482 0.153830642814061 0.144052510323971 0.136706265222115 0.130269580833517 0.124641647545942 0.119280940232313 0.113765926837234 0.107229312493722 0.102149490307518 0.0986264152085935 0.099751755255694 0.102255621053322 0.106431683185501 0.107343597497295 0.104058707205974 0.107409842621405 0.112919528294095 0.118570821710985 0.12566328501508 0.134994982541691
-9999 -9999 -9999 -9999 -9999 -9999 -9999 -9999 -9999 -9999 -9999 -9999 -9999 -9999 -9999 -9999 -9999 0.46851710736149 0.467421975492 0.459911515021698 0.448569274292131 0.398213096906696 0.348727898189097 0.30086692334093 0.257094259972633 0.215361873830347 0.19904380997938 0.194521437795487 0.216231976431882 0.238644920241303 0.261486235921549 0.257022269922114 0.242654962054983 0.204794797210468 0.18276377117528 0.172420477553836 0.164009299048527 0.155680713165965 0.146798833968667 0.138303653121738 0.130152311572245 0.123507104577204 0.117075877081319 0.110355356082932 0.104071027144195 0.0982528187257742 0.0967459413459334 0.0970416863205063 0.102750851861878 0.104704090315788 0.101828230041025 0.104444427968181 0.108826510330252 0.113066833208445 0.116165724153219 0.117491102155017
-9999 -9999 -9999 -9999 -9999 -9999 -9999 -9999 -9999 -9999 -9999 -9999 -9999 -9999 -9999 -9999 -9999 0.508268692660726 0.506513665805718 0.490789400874876 0.468824007348173 0.427551950402389 0.387210693537237 0.348605217081487 0.290239065632763 0.222011323315219 0.214883374983758 0.21815079284148 0.243192654602211 0.268702304299018 0.294497241179094 0.31299004520245 0.310121269985297 0.246932831871645 0.20667086736596 0.183337081452203 0.175352844842452 0.168315119208303 0.157965550805236 0.147729298001917 0.137593801656879 0.129227279391254 0.121406302312809 0.114730307926113 0.107424503520358 0.0994456759192275 0.0958273000487898 0.0942103073743359 0.0993819661551446 0.101714859180109 0.10039787301857 0.102318640682559 0.105287654194282 0.108263751931924 0.111783345006415 0.116147400186905
-9999 -9999 -9999 -9999 -9999 -9999 -9999 -9999 -9999 -9999 -9999 -9999 -9999 -9999 -9999 -9999 -9999 0.509225734497592 0.509893723933758 0.496582355258541 0.477246606094757 0.445498831643589 0.405224586288157 0.349049954303106 0.307836186133525 0.274088656746008 0.273916494309476 0.275290846160575 0.279054133160748 0.298788156693765 0.328262163002746 0.343729498857466 0.349035143730947 0.327615834367726 0.277482570265839 0.206147835662715 0.18899599266565 0.178867786669785 0.170793834102116 0.162909127808168 0.15519269299957 0.142986026232749 0.130948701459293 0.123847671665352 0.115801832253887 0.106746356970389 0.102101857696067 0.0986889761077732 0.0962990964166056 0.0968486993977854 0.101177676074311 0.100939468783301 0.0996784911330566 0.104149805378147 0.10840462251156 0.112323054777479
-9999 -9999 -9999 -9999 -9999 -9999 -9999 -9999 -9999 -9999 -9999 -9999 -9999 -9999 -9999 -9999 -9999 0.588856222828503 0.564082251231876 0.541807451873964 0.520150330626379 0.486370486760029 0.439068419373042 0.366549754816565 0.331310029967117 0.314674409053635 0.317868516131486 0.319543782538862 0.31703884866012 0.332218987661493 0.358184622052499 0.36571352652759 0.371239598050238 0.374428799593819 0.320571542212102 0.22459299477778 0.205052925546298 0.194775303682013 0.184984013240316 0.176400209665051 0.168890063206307 0.15500091436921 0.141127181439331 0.133129914356806 0.123869128561936 0.113258130202219 0.107577703915499 0.10281481336553 0.0958112760723955 0.0942129486228192 0.0995642480898234 0.098284520294157 0.0954158565266144 0.0995599741613982 0.104210277180329 0.109647071538819
-9999 -9999 -9999 -9999 -9999 -9999 -9999 -9999 -9999 -9999 -9999 -9999 -9999 -9999 -9999 -9999 -9999 0.612940664945727 0.649143124436957 0.638311838033931 0.607894825475795 0.55705452463727 0.493498202089762 0.406228708661399 0.362426222917481 0.340316004579827 0.342208416425914 0.34703774606911 0.357784714725971 0.369999775670767 0.383110173757253 0.376311613724931 0.371714389500861 0.377195680844961 0.327608657295488 0.237360942301909 0.224248850524605 0.217646502225065 0.200945261542499 0.187695169521904 0.177513723980294 0.164748012058612 0.15213284887081 0.142626572878897 0.131533245087843 0.118743973058428 0.112014870716239 0.106481813076609 0.0986981719303147 0.0944777196764366 0.0948385573543657 0.093970495897789 0.0929043066597986 0.0943512816289504 0.0989552600920356 0.108464468900956
-9999 -9999 -9999 -9999 -9999 -9999 -9999 -9999 -9999 -9999 -9999 -9999 -9999 -9999 -9999 -9999 -9999 0.682039193051342 0.682221796243079 0.673915506454853 0.661168858573479 0.61646631572806 0.551192934237412 0.447558513176333 0.381323062823572 0.333751618035985 0.368173812824483 0.391303169542798 0.38562503837045 0.378819948367474 0.371327566355333 0.365756977423351 0.361321288956963 0.359803529816118 0.336062148285351 0.29591155113734 0.258766811589088 0.225700481219777 0.206516275625662 0.193664313097623 0.186442770262279 0.177324906417799 0.16710789334379 0.153067967091783 0.139863098331528 0.127550582891186 0.119021754447457 0.111425937391984 0.103797728103772 0.0984215500972846 0.0959408706311735 0.0923036348424858 0.0886844392255701 0.0900063666747616 0.0945252910687237 0.104011586090931
-9999 -9999 -9999 -9999 -9999 -9999 -9999 -9999 -9999 -9999 -9999 -9999 -9999 -9999 -9999 -9999 -9999 0.744948724314639 0.699226738624724 0.694349616435104 0.704404535084548 0.66736087727637 0.602943396481363 0.487478492443099 0.397803397642989 0.320998741093699 0.394587001618618 0.438644501353504 0.409594020928436 0.38005376128206 0.350214802751649 0.3515712668365 0.351019249204195 0.339124455853266 0.346000531820095 0.366736420402255 0.30150486956885 0.236595455805042 0.21122292120464 0.197721490491486 0.194775450088421 0.189866500463401 0.182359476299395 0.163525934402415 0.148475389498021 0.137467404487881 0.126699339346776 0.11645393343236 0.109622586215021 0.103817735476801 0.0993326794861544 0.0920724470022991 0.0846566333896878 0.0865922113788094 0.0921924200910856 0.103486590772058
-9999 -9999 -9999 -9999 -9999 -9999 -9999 -9999 -9999 -9999 -9999 -9999 -9999 -9999 -9999 -9999 -9999 0.768395194565897 0.782034437613221 0.77830603657052 0.764521559335427 0.655026945449028 0.562537520768175 0.50175981903975 0.435266152552827 0.365919926328499 0.419868193031927 0.454023890382402 0.438398681250429 0.406600532327634 0.364939084071375 0.380958939240423 0.388802249496243 0.362251480973066 0.369330048941433 0.401239448889957 0.386096338308306 0.348731312713389 0.249405516154993 0.199645629549265 0.193958099701123 0.189735429742357 0.184117296556766 0.170125542661111 0.157924821835308 0.14763802229246 0.132098725719646 0.117073367187057 0.115426858492529 0.112415461361794 0.107649189639891 0.0992757815537249 0.0905217608258168 0.0916755761777054 0.0957274222640889 0.104282116804497
