layers/veg/veg_2000.asc
NCOLS 255 
NROWS 330 
XLLCORNER -2985163.8955 
YLLCORNER -3022031.214 
CELLSIZE 25000 
NODATA_value -9999 
[rows 75 to 99 of 330, columns 171 to 227 of 255]
0.832174647934977 0.833242353977012 0.828956633546038 0.818287241046444 0.80734258414088 0.797052120688288 0.793996505199595 0.789398348346964 0.782582210281079 0.769736223455033 0.755195423023319 0.752112293964545 0.749296012516979 0.74694542759067 0.745284910460245 0.743948231829826 0.750268963764341 0.754518932060565 0.754335129137358 -9999 -9999 -9999 -9999 -9999 -9999 -9999 -9999 -9999 -9999 -9999 -9999 -9999 -9999 -9999 -9999 -9999 -9999 -9999 -9999 -9999 -9999 -9999 -9999 -9999 -9999 -9999 -9999 -9999 -9999 -9999 -9999 -9999 -9999 -9999 -9999 -9999 -9999
0.826936402433429 0.826171090524679 0.820718627184858 0.809676988795603 0.796546602180913 0.783764685492224 0.78041785358885 0.775514068122177 0.768371578505305 0.74855418564414 0.725532387624371 0.733980670439562 0.738795571793751 0.737269576562359 0.731303926321965 0.723277996808557 0.736293635974568 0.743842344727102 0.739685652497268 -9999 -9999 -9999 0.722232255107316 0.723059203998471 -9999 -9999 -9999 -9999 -9999 -9999 -9999 -9999 -9999 -9999 -9999 -9999 -9999 -9999 -9999 -9999 -9999 -9999 -9999 -9999 -9999 -9999 -9999 -9999 -9999 -9999 -9999 -9999 -9999 -9999 -9999 -9999 -9999
0.816959701221152 0.810829153806589 0.804901263771459 0.799215031721006 0.784549171048263 0.768625333735709 0.766116195069482 0.760743117185952 0.751252053536609 0.729884430250372 0.705908435564355 0.7195497885011 0.727901281339216 0.727021027883248 0.725040104217969 0.722550537611807 0.731758875521994 0.738061897308668 0.738144263693836 0.738174213415085 -9999 0.722006962232026 0.722232255107316 0.723059203998471 0.723397867724273 -9999 -9999 -9999 -9999 -9999 -9999 -9999 -9999 -9999 -9999 -9999 -9999 -9999 -9999 -9999 -9999 -9999 -9999 -9999 -9999 -9999 -9999 -9999 -9999 -9999 -9999 -9999 -9999 -9999 -9999 -9999 -9999
0.809994798713654 0.798992184372963 0.788979799335367 0.780148209284973 0.766571328234957 0.753076852930237 0.754031133510759 0.748269742411633 0.732852056857099 0.713555823316765 0.694536261610106 0.711073918553906 0.720607341236073 0.717917129931309 0.717973317607723 0.719310737625769 0.728041619571882 0.73435075270915 0.735474610245282 0.725659682639496 0.709594575390306 0.712302858854053 0.715448559029405 0.717367632532561 0.719838793898669 0.722692871121953 0.733526810542237 0.743406119593775 0.747281203875864 -9999 -9999 -9999 -9999 -9999 -9999 -9999 -9999 -9999 -9999 -9999 -9999 -9999 -9999 -9999 -9999 -9999 -9999 -9999 -9999 -9999 -9999 -9999 -9999 -9999 -9999 -9999 -9999
0.80678138975958 0.79152099879859 0.772928666766104 0.750363174878034 0.741144290416946 0.737018761377124 0.744707062982151 0.738658226282189 0.712857105853173 0.700143348640593 0.693442494482635 0.710015605782881 0.717797994048084 0.710239007817938 0.709906359185183 0.712941568382727 0.725342646439283 0.733217129699281 0.731399591446109 0.722461598801585 0.709455136165994 0.703279717052906 0.700215097678568 0.704586645154047 0.712196425059283 0.722052170923539 0.733526810542237 0.743406119593775 0.747281203875864 0.74904611979509 -9999 -9999 -9999 -9999 -9999 -9999 -9999 -9999 -9999 -9999 -9999 -9999 -9999 -9999 -9999 -9999 -9999 -9999 -9999 -9999 -9999 -9999 -9999 -9999 -9999 -9999 -9999
0.790459870786009 0.759454671903826 0.721883242500721 0.676481937674119 0.696736857110533 0.730684382027775 0.710820293420822 0.691644219522724 0.673457424573222 0.682170994716815 0.700608534041683 0.712539175203243 0.719856547130065 0.719122944103425 0.720841152746182 0.723699422507089 0.721809761227006 0.720564134541137 0.720697468734892 0.714731037225107 0.705279334642237 0.695964779560935 0.689877444580831 0.692391069270849 0.70154112038107 0.715294049188504 0.727610916825084 0.738647791135454 0.745807892714659 0.745907488574601 0.740101774146977 0.744405486317351 0.749076265206279 0.748104966872506 0.740906796918611 0.727447526153243 0.764838707388839 -9999 -9999 -9999 -9999 -9999 -9999 -9999 -9999 -9999 -9999 -9999 -9999 -9999 -9999 -9999 -9999 -9999 -9999 -9999 -9999
0.77125729975288 0.723075478572266 0.666482687978168 0.599860270417945 0.65254985464422 0.727110789034943 0.674224088347614 0.640965174717154 0.635928559669792 0.6671571613058 0.71012443594221 0.716056026590163 0.722937289593763 0.73147589968904 0.7357825507493 0.738111431183851 0.718420607227192 0.705958741815419 0.708975006186351 0.705696412735291 0.698821076894038 0.688761648816645 0.681248434200028 0.680941180364327 0.690583803567782 0.707127440089812 0.719353233422336 0.731032344243959 0.742329792196763 0.744125425561801 0.737973871336209 0.738833672228598 0.741201185344515 0.745341164857787 0.740628161703156 0.727013510923921 0.763881579652065 0.804575438659528 0.797033206853686 -9999 -9999 -9999 -9999 -9999 -9999 -9999 -9999 -9999 -9999 -9999 -9999 -9999 -9999 -9999 -9999 -9999 -9999
0.765408258490988 0.724090687647803 0.684397140078199 0.646640152590741 0.677284108510731 0.72067154725682 0.693010736740912 0.679820824093758 0.687438249494151 0.701503562264069 0.717259315250651 0.718249742122076 0.720520095735158 0.725024149055545 0.729449236971602 0.733831409561199 0.719572862617507 0.709630270956842 0.708928694525721 0.697803499410764 0.680722479360672 0.676841932209281 0.674773551618432 0.675860775545876 0.68676239116838 0.704471050489494 0.705363852181039 0.707815815575577 0.721375228028372 0.721996080718845 0.711795299222084 0.67035862711858 0.644420058015117 0.711375303000502 0.73720386242762 0.72167966239042 0.752118917813812 0.78782952715419 0.791110040604984 0.79290542856704 -9999 -9999 -9999 -9999 -9999 -9999 -9999 -9999 -9999 -9999 -9999 -9999 -9999 -9999 -9999 -9999 -9999
0.749948984382611 0.715638432124937 0.691450529183282 0.679333339087854 0.691996645856343 0.709544020354856 0.703984929274071 0.705477417325971 0.717109192664229 0.718986616250801 0.717170250132256 0.714253342026105 0.713602248762617 0.716905405212135 0.721883880906066 0.727637252515035 0.717694528120299 0.709811913028817 0.70634025685546 0.690997089132747 0.668870802548151 0.66953630823011 0.671076835056179 0.672046784881904 0.682855004003903 0.70048682779741 0.696857031373072 0.695548913673226 0.709480986209886 0.708631384828282 0.695418593821489 0.622669271609121 0.574286298062421 0.679489386671006 0.718333205507282 0.690452976833472 0.727250921206874 0.771192039459925 0.767735106641461 0.772385210609301 0.786836019207444 0.806594867213397 -9999 -9999 -9999 -9999 -9999 -9999 -9999 -9999 -9999 -9999 -9999 -9999 -9999 -9999 -9999
0.720038103132896 0.692949260474621 0.682171346742219 0.690843335221473 0.691638798086896 0.691366377617129 0.703210962870469 0.711285628413627 0.713939621754321 0.711111027068973 0.706218013586576 0.700948414171997 0.69991644187474 0.706279882255065 0.712465813110253 0.718564670606769 0.711258874860829 0.704745557710829 0.699929039135868 0.68582453262673 0.666413075449739 0.669169231426804 0.671557849099032 0.670137193427725 0.678818330322775 0.694505845765776 0.696594736038816 0.699747763110592 0.71121141106351 0.708446729985118 0.693781669366739 0.606236871583213 0.54422412543031 0.650731235935034 0.676234735482604 0.620289346208177 0.682675478114695 0.754717596547968 0.718116678377093 0.722864789421142 0.777600292007558 0.806594867213397 0.826038564103692 -9999 -9999 -9999 -9999 -9999 -9999 -9999 -9999 -9999 -9999 -9999 -9999 -9999 -9999
0.696267668797194 0.656038868817839 0.638483469481031 0.647964876405065 0.657125378391112 0.666972989334805 0.684510827394682 0.694799336939298 0.694664220361832 0.692653367761687 0.689934945624768 0.687061324857924 0.688212536611268 0.69638779663995 0.700165383746619 0.701892422783672 0.694891838608428 0.688680486071978 0.684158979957809 0.67684606827095 0.66793820924208 0.668346752728491 0.668539807292743 0.666968969425132 0.671759233855014 0.680961417296864 0.686229844263509 0.690789093431633 0.694279721540258 0.69045482561165 0.680511325566888 0.588717559324696 0.522172866574254 0.629348382526374 0.6713286149261 0.647755184482498 0.684170214442645 0.725007342242067 0.70772850362548 0.721256311034871 0.772026682689323 0.784585936862694 0.787374356287288 0.806539721601232 -9999 -9999 -9999 -9999 -9999 -9999 -9999 -9999 -9999 -9999 -9999 -9999 -9999
0.676687370578542 0.617957273717538 0.586878946898272 0.588773863095096 0.611898281282959 0.640243464623773 0.65900352622791 0.669669923819016 0.668698646630725 0.669896467489816 0.671880724859991 0.673388742414871 0.677683733807661 0.686842490010887 0.686887601325703 0.682687937758458 0.674768729791249 0.668187483028733 0.664470983247661 0.665986505344338 0.670491488904048 0.667055222538902 0.664085153111495 0.663373087418387 0.663711577035618 0.664778708440081 0.672036875985158 0.676711308371885 0.670433990308894 0.665541306574307 0.661806712028958 0.57116111104181 0.504831719830536 0.611648198525079 0.680142100861384 0.710102767156821 0.70225261781464 0.690909540107712 0.711663241538157 0.736591176488068 0.766565397875379 0.754383595224559 0.73639172407847 0.787482491438059 0.817136699948788 0.815530997730402 -9999 -9999 -9999 -9999 -9999 -9999 -9999 -9999 -9999 -9999 -9999
0.705306722481914 0.700408993968725 0.688616981357036 0.668603907140298 0.641201423357392 0.616563596544528 0.640393331306367 0.648298457071233 0.633305990324547 0.643569162271714 0.662764866496557 0.671790927349576 0.677887712653023 0.678872391361038 0.677906855659122 0.676028214606481 0.658880430775221 0.645087650579933 0.638478364573551 0.644732459359015 0.658336405131355 0.657882268825349 0.658040986143411 0.661629636262156 0.661156972228507 0.657867471067496 0.66195445442996 0.664355766382117 0.658464153131011 0.643136666951747 0.619917145882855 0.564241951082599 0.52979292816463 0.615107841277437 0.663665686896824 0.675264410962017 0.677940047648233 0.679276984692697 0.684883671864712 0.699471225119725 0.724915866867604 0.737114346030907 0.748323160325451 0.789820587904578 0.814594836654459 0.814982471816075 -9999 -9999 -9999 -9999 -9999 -9999 -9999 -9999 -9999 -9999 -9999
0.733766326180934 0.743281419398568 0.73947810633065 0.719793312750721 0.663750734014046 0.605004603896628 0.624113893792337 0.627677861666443 0.608889604177957 0.625342320978698 0.654092309049354 0.665209525552629 0.671633356264863 0.669866394389903 0.668758808636798 0.6679506084479 0.643983325046136 0.625651643945731 0.61938651202838 0.629027788699256 0.647757635066673 0.646826606305586 0.64654680466424 0.650514117329047 0.649270876802118 0.644413712521982 0.648103153234386 0.650852247257144 0.647450968572308 0.629651525861159 0.59980965594615 0.561944301298511 0.542603923924446 0.613111587656083 0.64586541106846 0.640657860828082 0.641633005805433 0.644877442091569 0.653783704848642 0.668731173658227 0.690981936839378 0.722083028457277 0.755606943118014 0.786977467988091 0.803116833013895 0.797045324531977 -9999 -9999 -9999 -9999 -9999 -9999 -9999 -9999 -9999 -9999 -9999
0.761933746885111 0.713762440233091 0.697284239907278 0.718598357948477 0.673947137805129 0.615614960181312 0.612097463066639 0.608430626535882 0.604549058635829 0.621931407156288 0.646230558771132 0.649513033528445 0.6535665620601 0.65896571650456 0.659304763738876 0.657279662947036 0.630899133735845 0.612916855665937 0.612916313181503 0.623473048104132 0.640061977597121 0.632327427787353 0.625084426245147 0.622256879388732 0.620317278886187 0.618993538216896 0.627358487916256 0.635249052591308 0.638187522788 0.632480344630896 0.619542064595771 0.568099495720938 0.53319191246915 0.601136379038125 0.625643762645066 0.606475289100429 0.583387810290309 0.568836576969515 0.614781635648734 0.649660100068081 0.67116001145216 0.711144937255997 0.754390065068684 0.7746577888461 0.788783385936062 0.793952212805092 0.795374568856194 -9999 -9999 -9999 -9999 -9999 -9999 -9999 -9999 -9999 -9999
0.754297661014719 0.681764821577752 0.6634350120204 0.709739389487283 0.671211793342289 0.613473986197842 0.610306950149659 0.606631235227247 0.602224103817088 0.615051499136873 0.63338901491783 0.632712863513512 0.632979293488421 0.634890695540533 0.632190259214971 0.627338757854707 0.611345767658778 0.601566495845782 0.605091594083742 0.615309105007164 0.629350512367828 0.612021296086575 0.600266746325603 0.607401322978488 0.610377618058983 0.61046982156724 0.617553955239037 0.624864918023889 0.630545663510916 0.623141191197624 0.604792421922647 0.555649564806094 0.522703503602903 0.585501895345555 0.604414195067962 0.57919916037216 0.560428243816269 0.55254714809771 0.605335853210014 0.638077738649711 0.646584757076081 0.690041077875038 0.740796669060881 0.75976341580832 0.775415271308066 0.786233179101456 0.780131138590664 -9999 -9999 -9999 -9999 -9999 -9999 -9999 -9999 -9999 -9999
0.729146882295519 0.648554678968721 0.63366789214148 0.697131267435614 0.662150375811889 0.605095197697649 0.613518846958771 0.613367142682675 0.600885154443246 0.606474596223165 0.618111409257666 0.61537278601852 0.61115903578821 0.604370926712847 0.596436446547502 0.587971194433519 0.588627750410202 0.590893383635194 0.596604258152562 0.605868767926132 0.617163746206966 0.588874464937327 0.573807688764091 0.599101725973166 0.609739372087949 0.610211671460666 0.613101218552296 0.617033891889938 0.623697067026198 0.607849595779801 0.5731745281899 0.534098205375658 0.511688532624734 0.568077333386554 0.582691564210676 0.555301589762494 0.554730030035281 0.565487483383745 0.610348690440164 0.63015877520742 0.6196842249489 0.663964233323801 0.721148812713308 0.743609530027828 0.762519386999764 0.776251193795676 0.774907039263998 0.768142099435237 -9999 -9999 -9999 -9999 -9999 -9999 -9999 -9999 -9999
0.715929473710386 0.651570656287387 0.642774083057858 0.700232486545741 0.661222794928612 0.599872610345992 0.595699984602804 0.589460513916872 0.580249179162411 0.576295770981785 0.574169389355085 0.569253067480698 0.5627772016494 0.553579654360325 0.555477448066099 0.562541312285711 0.56897845944374 0.568468267341707 0.55308292855789 0.558363365413929 0.575451768926561 0.578688142429079 0.581332541039836 0.584163032573754 0.58830573995423 0.593358571047621 0.599359899170887 0.602722771160982 0.59675012040312 0.579773564343732 0.55359349259237 0.512801081697114 0.48493822455534 0.526299476283279 0.540163470450974 0.526379054288929 0.528054189039377 0.541752072400233 0.610394767999141 0.650316316867363 0.655516489334943 0.687795692316844 0.725912287794689 0.741265431885401 0.751819793635899 0.755376320117168 0.755262886642683 0.753204371640709 0.738820057203166 0.736452713108135 0.755367948925537 0.761441591155191 -9999 -9999 -9999 -9999 -9999
0.700568484490797 0.651942990280529 0.647220854695392 0.694851104183031 0.654469983466206 0.593333187580481 0.580681355369056 0.568642612043213 0.557485413719704 0.54677961975388 0.536399716311132 0.529266262131946 0.521800143260873 0.513753465361918 0.522412231970572 0.538846012894846 0.544751344290309 0.54122782769124 0.517515935124241 0.520619230509849 0.539044130598453 0.563974588080939 0.580278553640887 0.572715174790296 0.571328215683472 0.574225083878744 0.583711806317364 0.588287166839744 0.573825668223394 0.557669474617436 0.540095861331593 0.496445811920182 0.463225363163764 0.49617333830787 0.510091681489103 0.504875786582019 0.510786055640742 0.528504207630837 0.606037157326259 0.657173750540858 0.676399437217836 0.701405928222504 0.726466319079505 0.734427920157319 0.73844366434003 0.736705353725026 0.738984849534542 0.742298184243374 0.734631452477047 0.736282201619453 0.754434616853284 0.756599932399546 0.751203887034593 0.736101275606044 0.730108555046594 0.74399524131137 -9999
0.680097287657113 0.64550079064154 0.640251757620155 0.669997991112473 0.634408615805182 0.583753895905545 0.572467952955533 0.55550833679964 0.530390689439548 0.519269818527386 0.513208993869021 0.50377237076471 0.498126637442354 0.499096680727193 0.507242947056656 0.518724032919539 0.5101446874749 0.503426073498994 0.500691524860436 0.50575796499679 0.515281717403824 0.538759839331759 0.559100988375339 0.569284646271222 0.56487833219948 0.550352738214029 0.563992015381504 0.57372561379777 0.560436025422973 0.54931499102679 0.540007705479236 0.491210525838206 0.453228466267958 0.49285969011413 0.508559332486796 0.500195841182605 0.515197882334872 0.539741264014151 0.591883404153294 0.633418867244433 0.662131777336659 0.690815729424128 0.716961938932075 0.717145127968526 0.718989309306754 0.723255636449323 0.730628638295601 0.738591931144033 0.733394141631004 0.735727802359029 0.751399990772744 0.754315242992256 0.751196893084378 0.736101275606044 0.730108555046594 0.74399524131137 0.749091878823781
0.668440187357634 0.65995388592875 0.653648483219117 0.649943684498119 0.618017063397327 0.579752923970041 0.560168508054967 0.540622327271947 0.521131123818263 0.512986676294994 0.508742733227356 0.497606278574248 0.489515272529544 0.486739115720974 0.491092538393063 0.498762628729611 0.497187910730448 0.499556014137358 0.510366205163707 0.518059841668045 0.523972747919589 0.536842643800173 0.550215100314112 0.564042223326336 0.557685525482335 0.537329778604826 0.541486363359287 0.544391542912504 0.534593076350467 0.529173032687774 0.527415041974105 0.481882353736274 0.446347672100108 0.487816221360572 0.507630057677735 0.505670144823097 0.520321361951574 0.541878447816902 0.583844461896988 0.617898909013452 0.642388957568863 0.657602896729662 0.669863444937487 0.68013093885778 0.68773674569499 0.691461141285523 0.706081298541408 0.724082646796211 0.725209257911392 0.729594985608919 0.739752751276975 0.733974184634323 0.72065826834369 0.720029092318882 0.724023901859482 0.737991073900538 0.742343077379166
0.662058288062882 0.686912730428142 0.679234071036242 0.632761444072402 0.603821880524972 0.579090553759618 0.54542358330864 0.524687911884421 0.522545828272376 0.519407603324619 0.515482986982188 0.503007795751439 0.489918537820836 0.475757624331297 0.474354931147066 0.478897328495554 0.497188499344918 0.515993936423967 0.535900483627867 0.546618748698129 0.552087032787462 0.548868939318879 0.548685731175315 0.557715388920966 0.550048082225216 0.530800132518863 0.517313384782982 0.506216180050591 0.501296874014427 0.501976318549968 0.507338481386893 0.470104605961904 0.441331852768595 0.48173746202224 0.507061720325823 0.517221725304122 0.525870762954272 0.538569394810973 0.579465209158047 0.607307520013645 0.619369276829233 0.61085050945974 0.600265026376754 0.631307588766847 0.649423002130672 0.648687371005865 0.671843634080666 0.703107792089032 0.712866280022873 0.720123508630596 0.722950897605491 0.702826462739124 0.671846586484013 0.694337772561459 0.714297608433748 0.728393436661545 0.736386808244964
0.663967272460456 0.677139321028447 0.670636529907253 0.640672554587188 0.606884786242558 0.572614355655521 0.544578564777165 0.527929776046428 0.527654069703705 0.527435942386942 0.526663140520044 0.514008337257637 0.502358996287977 0.492464365768466 0.495261875258655 0.503960864931698 0.487466393383865 0.482667361706184 0.502909770652626 0.517539761374215 0.52896294058208 0.528484173909817 0.529209528487206 0.534668785044059 0.533812858304136 0.528576860949391 0.514232772070089 0.500306217024949 0.490937944999138 0.491343433263447 0.499923560779445 0.468585288785683 0.441573334600908 0.463044516425149 0.482309580835951 0.499356400778239 0.513884507232871 0.53104346274735 0.568738035147876 0.598020261887248 0.617132692035553 0.610382484054969 0.597824677095817 0.604621827701033 0.615437583671122 0.632113480060536 0.658937012002864 0.688307918870224 0.688522624001546 0.682548974199528 0.665615477227932 0.643639842320885 0.619279445609687 0.67197980876641 0.712540891319032 0.726182296024294 0.738227324655206
0.665814380919082 0.665198645874387 0.658216501485909 0.643642757640486 0.607134605678345 0.566060888021381 0.543051757541834 0.529497584370036 0.529538455176281 0.528338871951916 0.526323714667154 0.517036529690882 0.50770832421288 0.498308530666805 0.502202742308077 0.512270641961972 0.472775564913635 0.452433173956125 0.473099146673757 0.48911904771715 0.502484286270751 0.505109037133544 0.508001285641245 0.512977977571016 0.517563058739924 0.521876527398871 0.511527969937139 0.499712833348927 0.487932642625453 0.486890688413732 0.494830048156643 0.467594878439576 0.441713876525538 0.447402232659985 0.459574444014386 0.478266152422161 0.497114773741083 0.518209210678312 0.55350619997863 0.584623050080439 0.610686474290885 0.608184348715725 0.597277215055077 0.587314616710029 0.592809479703626 0.620845220874156 0.646864438032994 0.670829940368739 0.666020352439297 0.652131859579942 0.622164229119263 0.598341171050137 0.577424289235967 0.649809905556336 0.704768910992839 0.721199273889847 0.735640898091894
0.666088817559365 0.653335938341029 0.640773544454455 0.62843829404281 0.596535713992366 0.560269726948762 0.537257053646565 0.523107577573514 0.521702268628275 0.508862790226489 0.492727265809746 0.496622551798453 0.491016645438956 0.468829469326666 0.463383388091216 0.465725017930581 0.445702461355196 0.439317307280068 0.462131585528047 0.472275227250606 0.47517914779273 0.478760392740841 0.484931512592489 0.497932623521935 0.502721934813036 0.501815724596618 0.506326989663989 0.50868209621701 0.501811513233657 0.497085257105495 0.494152486591729 0.466367210461657 0.440683048295754 0.442496017980176 0.446609318722269 0.453035595470693 0.469802994740804 0.491105913880015 0.526632600324504 0.559407607386679 0.588856072634104 0.593299089301951 0.590746907650657 0.592740775558189 0.601501936438223 0.620131517697187 0.633548588693212 0.644753066693782 0.650738106637367 0.646651940766683 0.624729229040639 0.596962481941919 0.56643170249873 0.62760862071677 0.678677935213494 0.707148426602403 0.729186368801733
