layers/veg/veg_1800.asc
NCOLS 255 
NROWS 330 
XLLCORNER -2985163.8955 
YLLCORNER -3022031.214 
CELLSIZE 25000 
NODATA_value -9999 
[rows 25 to 49 of 330, columns 112 to 167 of 255]
0.240643659187892 0.212421502442886 0.191154452987404 0.177127016205407 0.176804221398521 -9999 -9999 -9999 -9999 -9999 -9999 -9999 -9999 -9999 -9999 -9999 -9999 -9999 -9999 -9999 -9999 -9999 -9999 -9999 -9999 -9999 -9999 -9999 -9999 -9999 -9999 -9999 -9999 -9999 -9999 -9999 -9999 -9999 -9999 -9999 -9999 -9999 -9999 -9999 -9999 -9999 -9999 -9999 -9999 -9999 -9999 -9999 -9999 -9999 -9999 -9999
0.248921326255171 0.248751836433344 0.203356390593505 0.190809655169352 0.240445778952545 0.211978839291199 0.143934623681677 0.150453132959526 -9999 -9999 -9999 -9999 -9999 -9999 -9999 -9999 -9999 -9999 -9999 -9999 -9999 -9999 -9999 -9999 -9999 -9999 -9999 -9999 -9999 -9999 -9999 -9999 -9999 -9999 -9999 -9999 -9999 -9999 -9999 -9999 -9999 -9999 -9999 -9999 -9999 -9999 -9999 -9999 -9999 -9999 -9999 -9999 -9999 -9999 -9999 -9999
0.236576437638253 0.237367450503544 0.223292229268701 0.222930820724996 0.248529764139634 0.211978839291199 0.143934623681677 0.150453132959526 0.155990234406622 -9999 -9999 -9999 -9999 -9999 -9999 -9999 -9999 -9999 -9999 -9999 -9999 -9999 -9999 -9999 -9999 -9999 -9999 -9999 -9999 -9999 -9999 -9999 -9999 -9999 -9999 -9999 -9999 -9999 -9999 -9999 -9999 -9999 -9999 -9999 -9999 -9999 -9999 -9999 -9999 -9999 -9999 -9999 -9999 -9999 -9999 -9999
0.229902712947034 0.225825413847014 0.231530878843981 0.238752347288041 0.248843621813239 0.213036734449337 0.153971806510768 0.172030350370468 0.205715801514983 0.272552965679937 0.305375622022499 0.317152644301866 -9999 -9999 -9999 -9999 -9999 -9999 -9999 -9999 -9999 -9999 -9999 -9999 -9999 -9999 -9999 -9999 -9999 -9999 -9999 -9999 -9999 -9999 -9999 -9999 -9999 -9999 -9999 -9999 -9999 -9999 -9999 -9999 -9999 -9999 -9999 -9999 -9999 -9999 -9999 -9999 -9999 -9999 -9999 -9999
0.231417577925092 0.214055745415214 0.222879965169451 0.23103883638499 0.237938197745129 0.215622123694511 0.178501670683538 0.224762897074976 0.265347662038423 0.289043045433258 0.305375622022499 0.317152644301866 -9999 -9999 -9999 -9999 -9999 -9999 -9999 -9999 -9999 -9999 -9999 -9999 -9999 -9999 -9999 -9999 -9999 -9999 -9999 -9999 -9999 -9999 -9999 -9999 -9999 -9999 -9999 -9999 -9999 -9999 -9999 -9999 -9999 -9999 -9999 -9999 -9999 -9999 -9999 -9999 -9999 -9999 -9999 -9999
0.222211959607075 0.202717975783355 0.212774260368098 0.222141253782648 0.230203413757877 0.224877403370943 0.212767186456172 0.249266905031254 0.279211837081576 0.291728424204625 0.304015572569612 0.316160761387005 0.337932995249268 -9999 -9999 -9999 -9999 -9999 -9999 -9999 -9999 -9999 -9999 -9999 -9999 -9999 -9999 -9999 -9999 -9999 -9999 -9999 -9999 -9999 -9999 -9999 -9999 -9999 -9999 -9999 -9999 -9999 -9999 -9999 -9999 -9999 -9999 -9999 -9999 -9999 -9999 -9999 -9999 -9999 -9999 -9999
0.20923321966756 0.19187367196305 0.202309090970859 0.21287415129713 0.223684623627443 0.235904756891703 0.248839209637372 0.262477789839487 0.276030874814675 0.289353588695334 0.302264980747192 0.314921877607283 0.337167620903128 0.35315869993569 0.348828815336185 -9999 -9999 -9999 -9999 -9999 -9999 -9999 -9999 -9999 -9999 -9999 -9999 -9999 -9999 -9999 -9999 -9999 -9999 -9999 -9999 -9999 -9999 -9999 -9999 -9999 -9999 -9999 -9999 -9999 -9999 -9999 -9999 -9999 -9999 -9999 -9999 -9999 -9999 -9999 -9999 -9999
0.201495992436929 0.188024980227576 0.195775036690887 0.205182581619271 0.217727764846304 0.231526168517107 0.245959618358183 0.260829192362192 0.275450653371741 0.289473497976939 0.30303948358514 0.316322799006858 0.332715034157938 0.345387767999953 0.346499147983609 -9999 -9999 -9999 -9999 -9999 -9999 -9999 -9999 -9999 -9999 -9999 -9999 -9999 -9999 -9999 -9999 -9999 -9999 -9999 -9999 -9999 -9999 -9999 -9999 -9999 -9999 -9999 -9999 -9999 -9999 -9999 -9999 -9999 -9999 -9999 -9999 -9999 -9999 -9999 -9999 -9999
0.195353751285015 0.184455861820588 0.189708450919203 0.198190508332197 0.212785973881045 0.228392479497891 0.24451131088022 0.264657248300636 0.282002804967038 0.292630904718453 0.305170252613708 0.318892137950023 0.337222117536927 0.361296242775288 0.401327203156936 0.423760030703059 0.433017054154036 -9999 -9999 -9999 -9999 -9999 -9999 -9999 -9999 -9999 -9999 -9999 -9999 -9999 -9999 -9999 -9999 -9999 -9999 -9999 -9999 -9999 -9999 -9999 -9999 -9999 -9999 -9999 -9999 -9999 -9999 -9999 -9999 -9999 -9999 -9999 -9999 -9999 -9999 -9999
0.192007232567723 0.181376784948756 0.184461252986411 0.192424525842245 0.209623413407754 0.227440874136406 0.245571785320036 0.278084888226257 0.301056717913819 0.301112495731593 0.30967831124187 0.323509501752591 0.357433883926764 0.389011135925552 0.409635921118466 0.423760030703059 0.433017054154036 -9999 -9999 -9999 -9999 -9999 -9999 -9999 -9999 -9999 -9999 -9999 -9999 -9999 -9999 -9999 -9999 -9999 -9999 -9999 -9999 -9999 -9999 -9999 -9999 -9999 -9999 -9999 -9999 -9999 -9999 -9999 -9999 -9999 -9999 -9999 -9999 -9999 -9999 -9999
0.179165938306635 0.169943488761415 0.181214807069504 0.194457894664834 0.211433556550793 0.234436602612973 0.260493913594701 0.29088767179557 0.311410093777413 0.308682479220718 0.322286976713886 0.34599656393745 0.375488926543408 0.400213070462455 0.40975363340541 0.427032955322615 0.45010632216136 0.4897802799685 -9999 -9999 -9999 -9999 -9999 -9999 -9999 -9999 -9999 -9999 -9999 -9999 -9999 -9999 -9999 -9999 -9999 -9999 -9999 -9999 -9999 -9999 -9999 -9999 -9999 -9999 -9999 -9999 -9999 -9999 -9999 -9999 -9999 -9999 -9999 -9999 -9999 -9999
0.161882977245975 0.154602079275463 0.178904315221457 0.200139808903089 0.215569936101936 0.245150102898968 0.28190053930076 0.303398146850635 0.317693348496745 0.315826011673168 0.338685115281792 0.376843091352093 0.392535051325707 0.403690224176753 0.406039583920621 0.431836957802107 0.475189969181329 0.50264464441707 0.52283296097407 -9999 -9999 -9999 -9999 -9999 -9999 -9999 -9999 -9999 -9999 -9999 -9999 -9999 -9999 -9999 -9999 -9999 -9999 -9999 -9999 -9999 -9999 -9999 -9999 -9999 -9999 -9999 -9999 -9999 -9999 -9999 -9999 -9999 -9999 -9999 -9999 -9999
0.135589865557156 0.151078424817751 0.181240730532264 0.209820900885518 0.235406076940027 0.262902236060403 0.291366750336064 0.313354248608673 0.331732257743463 0.341959627354159 0.360453429995021 0.384061883286399 0.399321060937753 0.414005602414682 0.428684812191605 0.453672751505092 0.486378884681136 0.511298076578748 0.534644869828543 0.555672301435896 0.572412072549299 0.585287029719907 0.617057858773293 0.646609901088885 -9999 -9999 -9999 -9999 0.796111456631398 -9999 -9999 0.80560538845935 0.80560538845935 -9999 -9999 -9999 -9999 -9999 -9999 -9999 -9999 -9999 -9999 -9999 -9999 -9999 -9999 -9999 -9999 -9999 -9999 -9999 -9999 -9999 -9999 -9999
0.124623150792728 0.155821677272657 0.19076282758103 0.225249921687415 0.258877483942377 0.283861826809608 0.304466378876036 0.325476717895953 0.346444096105035 0.367293453113456 0.38236637118549 0.393865260767139 0.410234573443665 0.428363641975701 0.450683612707234 0.474351880359078 0.49902962420082 0.521129592790941 0.541995634917157 0.559375918272617 0.574704943045373 0.588185003148025 0.620803972527209 0.658399520126433 0.703434280440037 0.745453241511243 0.784205288472108 0.794552283414579 0.797379779210774 0.797685394302609 0.800309968581129 0.805957611276849 0.816651815173211 0.828679812696927 0.836341839736786 0.843352428892119 0.84933626641146 -9999 -9999 -9999 -9999 -9999 -9999 -9999 -9999 -9999 -9999 -9999 -9999 -9999 -9999 -9999 -9999 -9999 -9999 -9999
0.146638841704003 0.17833084549139 0.215735496616595 0.253037660542937 0.290145815420616 0.311710773565544 0.325399505617937 0.34226308907453 0.362592119321578 0.390878960748569 0.404582545316408 0.409263100978174 0.430041964616431 0.451407969627249 0.47125318698051 0.492517877030966 0.514845332907289 0.533501507561633 0.551122843371224 0.566532463206147 0.581930093228468 0.597316915866438 0.632608492024209 0.671198372745889 0.707812749901838 0.745453241511243 0.784205288472108 0.796395535370067 0.800996570029478 0.798992469089088 0.801734929740779 0.810665157957199 0.819704121696852 0.828679812696927 0.836341839736786 0.843352428892119 0.84933626641146 0.851094280577211 -9999 -9999 -9999 -9999 -9999 -9999 -9999 -9999 -9999 -9999 -9999 -9999 -9999 -9999 -9999 -9999 -9999 -9999
0.201541296570524 0.230491709018206 0.260962188892369 0.29176108885461 0.323181690546975 0.342367258607422 0.355352950748412 0.376117362125412 0.397111844115891 0.418305351098143 0.427165584693788 0.428394910917461 0.449339863544929 0.470426207181982 0.487951810969883 0.50721138950461 0.527769203015948 0.544504419710605 0.560275470812404 0.574175400620335 0.589407447581132 0.605840239086207 0.641753577649431 0.680973486846243 0.718666402263857 0.75418265499048 0.787341002071835 0.798968105536593 0.804443772288931 0.804568679213475 0.807425477057359 0.813843654163504 0.82212136199861 0.830945528128165 0.838889812381208 0.846322743964532 0.852949716602766 0.864329516643969 0.877463290407077 0.881606526380309 -9999 -9999 -9999 -9999 -9999 -9999 -9999 -9999 -9999 -9999 -9999 -9999 -9999 -9999 -9999 -9999
0.275316764686937 0.299669048814709 0.31781223363591 0.336760276383076 0.357231921319152 0.374634930062843 0.390482964442991 0.419766540464702 0.44217469707484 0.447935942215538 0.449959160220812 0.449669566539342 0.468345375728112 0.487133957397618 0.50242897905386 0.519912117270927 0.539033508557923 0.554721690418724 0.569442685668791 0.582097468317594 0.597029536534027 0.614014305757435 0.649372470829339 0.689013341824937 0.733236024152023 0.767921692903476 0.792276234906597 0.801959215887828 0.80779365128696 0.812594855163248 0.815563953399973 0.816144660875991 0.824174151324391 0.83451148937904 0.842900012247013 0.850997659580625 0.858636848881829 0.867801326488714 0.877463290407077 0.88160652638031 0.884331695288885 -9999 -9999 -9999 -9999 -9999 -9999 -9999 -9999 -9999 -9999 -9999 -9999 -9999 -9999 -9999
0.351536365169119 0.369468674997455 0.381429692472785 0.392774680704877 0.402953520883813 0.413617951450154 0.424528445921194 0.445686161984658 0.462729717847721 0.469715926750625 0.47644204963477 0.483007250737999 0.493792793898907 0.504860279322362 0.515905409167089 0.53098144413994 0.549075436573997 0.56442012756645 0.578850117052539 0.591091417542602 0.606203903199465 0.623904419433993 0.668620610753875 0.715236070600476 0.745836918486146 0.772540496971295 0.795022294305577 0.803899503191894 0.809313675263985 0.814574163471147 0.817596329354168 0.817700547580124 0.826212480120885 0.837364289151401 0.84677931463677 0.855741541896192 0.863990099701765 0.874164269093815 0.885013220897939 0.8907764900896 0.897444477861908 0.905851107626852 0.907702100551179 0.906180279837653 -9999 -9999 -9999 -9999 -9999 -9999 -9999 -9999 -9999 -9999 -9999 -9999
0.42357428052769 0.4348016413345 0.440173853996628 0.444392488693724 0.44642739150983 0.451441134004548 0.457964348148218 0.470642356822345 0.482218920945966 0.490954492634766 0.501091544467394 0.512095727419715 0.517994790218716 0.523629115659408 0.52951482291404 0.541946016813863 0.559277847079513 0.5742596896228 0.588341386909447 0.600101590880882 0.615299466352821 0.633595992187735 0.685556976244501 0.737349859002912 0.75607356460366 0.775907235981271 0.796943296034974 0.805640181228577 0.811201168814555 0.816661067228056 0.819663426490272 0.819462060117755 0.828030359590981 0.839433345996991 0.850100593802221 0.860166295276636 0.869283880754174 0.880252688945059 0.891885722797151 0.899254092856902 0.905593347438422 0.90995490041858 0.91048896847113 0.909053831444698 0.910999804737949 -9999 -9999 -9999 -9999 -9999 -9999 -9999 -9999 -9999 -9999 -9999
0.484066946560308 0.488063444672822 0.48494911735818 0.482763667859753 0.482336591147823 0.485270007386201 0.489906290976391 0.495338580663754 0.502062608998491 0.511769753180418 0.520335764901586 0.528195729182288 0.538008628593355 0.545062660688764 0.543612489518386 0.552843442247285 0.570071402234179 0.584546132638286 0.59802618215949 0.609014684638904 0.62397984735746 0.642529494425856 0.694762284554346 0.746048769392455 0.760222329623114 0.777109707369425 0.79693687255587 0.806982928989783 0.814315106784824 0.819830118544407 0.822624831472599 0.821873276950402 0.829258400649988 0.839492225831413 0.851941186542408 0.86372538647976 0.874461836158654 0.885224917003012 0.895949317847113 0.904670161809233 0.912662260350933 0.919253893137881 0.920756417072367 0.919640642257334 0.915431720503414 0.912421837988523 -9999 -9999 -9999 -9999 -9999 -9999 -9999 -9999 -9999 -9999
0.522969229083547 0.527845608928439 0.520973062659395 0.515178611756546 0.511425003599724 0.512103333976504 0.515027466842891 0.517286052106149 0.521315588515198 0.529511368390891 0.537669010048295 0.545803054627941 0.553376234494787 0.558107046630643 0.554595188393427 0.563197362839283 0.580869370029678 0.594698207586149 0.607537725534936 0.618419988298324 0.634611816350712 0.655589583492277 0.704774814358942 0.752138836673955 0.763101208907031 0.77757103263762 0.795840360866873 0.806117385776933 0.813944986711195 0.818521950318352 0.820914366619396 0.820458938074831 0.827635352077287 0.837531599076007 0.850140153873293 0.862718461671153 0.875249096226663 0.886558647813914 0.897351990903729 0.907814463604387 0.917420397812076 0.92538028006058 0.927209337658757 0.925884143504642 0.918330776133941 0.910988870784526 0.904476871978191 0.895282248901301 0.884403784979867 -9999 -9999 -9999 -9999 -9999 -9999 -9999
0.546834175874969 0.558239433308466 0.550901863438881 0.54344513886388 0.535762853523266 0.534064380939005 0.535398094266998 0.53731906414815 0.540157149560856 0.545112241784272 0.55367129333596 0.564460205440019 0.56550781832383 0.565308525629658 0.563408365105092 0.573172741532347 0.591670411154635 0.6047566974551 0.616928601919761 0.628168107801409 0.646603033260158 0.671523770257643 0.715349560236319 0.756411889002003 0.765095634325734 0.777516162210296 0.793984621238161 0.803713805374701 0.811148279333433 0.81409547465811 0.815950023706005 0.816380164567041 0.824026567958256 0.834164420251218 0.845802790903912 0.858531384194324 0.872978311501631 0.885358227036475 0.896901376947043 0.909376518125787 0.920569119384521 0.929297000884135 0.931005504214225 0.929102603344386 0.920162220692668 0.911683211489259 0.904670111666639 0.895282248901301 0.884403784979867 -9999 -9999 -9999 -9999 -9999 -9999 -9999
0.563876208924503 0.570156673606028 0.565338618044931 0.560104561109835 0.554083010402775 0.552680084370427 0.553617560560354 0.553459169056276 0.555989482320213 0.564848812945286 0.57343987282459 0.581864946825903 0.582810269893521 0.581877942985166 0.576934405393625 0.584784459821344 0.602213136236659 0.614027175708737 0.624933894068748 0.635030940712827 0.657850293636106 0.692137286490704 0.724424815739395 0.752625736200569 0.761597896716882 0.773600494548874 0.788885863424741 0.797928380517146 0.80500062533137 0.809099629543332 0.811839814154887 0.812808598630448 0.820256540228796 0.829973188809661 0.841457888947339 0.854267499095934 0.869165341374667 0.881734094323863 0.893343557696257 0.905341623558041 0.915923872207852 0.923785275601147 0.925684913738372 0.924517279595233 0.917760747270865 0.910266716940574 0.901315667051106 0.892971051493656 0.885007085179184 0.88443618843996 -9999 -9999 -9999 -9999 -9999 -9999
0.575506518330012 0.574065032076583 0.572106867084656 0.56990868391524 0.56725614450629 0.565994110528633 0.565436689337396 0.563710243269639 0.566514875909182 0.579955850986616 0.589255355672973 0.595992428152776 0.597684425034211 0.597962809568299 0.595103085054459 0.600745787720873 0.612754297254827 0.622807966173753 0.633068904882803 0.645041146515246 0.671415575527686 0.710771856688052 0.732031867259556 0.748638594084897 0.758481336595767 0.769625571615904 0.78217966979379 0.790336525023249 0.797274087760095 0.803400595806798 0.807774921256564 0.809865046147573 0.817349953232462 0.826775523453838 0.838357916494653 0.851061688272264 0.865532900169535 0.877360423504592 0.888106051953009 0.89957340919693 0.909556374469878 0.916686711014433 0.919026086542067 0.918900557583814 0.914265554061446 0.907901673605014 0.897669959431471 0.890229831132276 0.884541937153732 0.882653046135758 -9999 -9999 -9999 -9999 -9999 -9999
0.570939729627288 0.556936992440886 0.557962707017162 0.56023301102155 0.564859332300279 0.562271351323021 0.556027656746752 0.555099044366051 0.559867725739536 0.577715119654144 0.590175569237329 0.599302980467882 0.602408301225833 0.609103455310388 0.627566324059606 0.631072500993975 0.62338053303958 0.630182882559342 0.64213456884841 0.666870962684656 0.693202375232034 0.720971506685211 0.73512153768431 0.746783011021437 0.758596913088157 0.766798955805167 0.771088392501111 0.77772476503925 0.785298316481481 0.795485884131103 0.803566599202806 0.808900754729794 0.817465230975832 0.827278701265425 0.83953617868264 0.851516628747605 0.863060447333354 0.871261168483296 0.878187770978571 0.88981197623161 0.900002935607306 0.907439556206914 0.910963337292889 0.91247399916632 0.908496189319905 0.903018012157955 0.89426611698818 0.886820976065048 0.880196064123824 0.880688066154449 -9999 -9999 -9999 -9999 -9999 -9999
