layers/veg/veg_4100.asc
NCOLS 255 
NROWS 330 
XLLCORNER -2985163.8955 
YLLCORNER -3022031.214 
CELLSIZE 25000 
NODATA_value -9999 
[rows 150 to 174 of 330, columns 57 to 113 of 255]
-9999 -9999 -9999 -9999 -9999 -9999 -9999 -9999 -9999 -9999 -9999 -9999 -9999 -9999 -9999 -9999 -9999 -9999 -9999 -9999 0.50695548004993 0.519663949467646 0.462361407756116 0.366791754231021 0.190000166197757 0.0555796258814074 0.0362627206909036 0.0546222530890332 0.0980297039795587 0.10104668473173 0.0994299169608396 0.0943981318673036 0.0856194898599902 0.0738335514097498 0.0357199965317783 0.00157197496752716 0.000517785749463213 0 0 0.0674962360689717 0.138368075711966 0.145745984453087 0.141342557499716 0.123269986697972 0.160565593141473 0.21560198037024 0.290754596616809 0.333949056852255 0.33246229004788 0.354844888776958 0.384365602610794 0.387700924898318 0.388619331740955 0.385441385959993 0.396768281800656 0.414465760500779 0.408010595953112
-9999 -9999 -9999 -9999 -9999 -9999 -9999 -9999 -9999 -9999 -9999 -9999 -9999 -9999 -9999 -9999 -9999 -9999 -9999 -9999 0.501160235678132 0.496230270497099 0.458427895483807 0.402657887060536 0.239515721941688 0.101275883015712 0.0362376376021232 0.0368703293619189 0.0811621456811564 0.083861565756631 0.0789195863534049 0.0612077746515105 0.0605876265561457 0.073685562804654 0.0448081049194321 0.0146187467252107 0.00481520309527149 0 0 0.0477607543041087 0.0995596027606553 0.11616513192897 0.138856236773053 0.168608052853057 0.199441161765087 0.2324373608397 0.28236574574387 0.312281987892304 0.31421892191948 0.347550912969718 0.390000643829396 0.393172835197744 0.392721556330271 0.386128973745101 0.395503841326994 0.41194753451174 0.409581455970949
-9999 -9999 -9999 -9999 -9999 -9999 -9999 -9999 -9999 -9999 -9999 -9999 -9999 -9999 -9999 -9999 -9999 -9999 -9999 -9999 -9999 0.477830163359625 0.459153516499327 0.430268456388346 0.273124168371133 0.130634000623136 0.0372795374831793 0.023558571682068 0.0627792712365367 0.069949054723817 0.0684819536279047 0.0483124186148401 0.0516374631747791 0.0738196904891909 0.0489952200295932 0.0207123445307398 0.00682234581181655 0 0 0.0327747165567775 0.0690082177827228 0.0851501527843666 0.114138514497227 0.158031778269308 0.201429613601744 0.244051345000865 0.280872365254712 0.304531171330084 0.309787667840083 0.347047094253233 0.393363074001771 0.395397468721891 0.396091856285464 0.394515108612186 0.401099191853298 0.411293258528163 0.411479106400836
-9999 -9999 -9999 -9999 -9999 -9999 -9999 -9999 -9999 -9999 -9999 -9999 -9999 -9999 -9999 -9999 -9999 -9999 -9999 -9999 -9999 -9999 0.465844804207278 0.447308402991535 0.286364768175926 0.139072370120666 0.0396876281064436 0.015932109755876 0.0424561494318323 0.0602268698724146 0.0709416463371927 0.0614032718316027 0.0632786964456246 0.0743150466787914 0.0469069850801739 0.0179029306191732 0.00589696562587047 0 0 0.0238699815395004 0.049029407499733 0.0522988833076303 0.0609551692064123 0.0758614325207937 0.156186910972258 0.248979727330086 0.288208111441243 0.314599060154442 0.323041777892565 0.355237556530708 0.393815598149618 0.393464210702136 0.398524982276872 0.412758648938573 0.415477984311268 0.413025629111016 0.413795187160172
-9999 -9999 -9999 -9999 -9999 -9999 -9999 -9999 -9999 -9999 -9999 -9999 -9999 -9999 -9999 -9999 -9999 -9999 -9999 -9999 -9999 -9999 0.462327571399911 0.461617360263281 0.311727845282049 0.170300939526592 0.064243120570393 0.0259319517747851 0.0326598758436064 0.0577143387499469 0.0760478703855767 0.0674808767258228 0.0668550291561884 0.072602891856025 0.0443813397446515 0.0162661442969398 0.00960222561772565 0.00441442851167177 0.000651519125026994 0.0307934887198129 0.0607827179916612 0.0479683066949323 0.0697869230496628 0.131788066169487 0.212185226456728 0.291159502512286 0.310198196470371 0.322014424125287 0.323732802061746 0.35669205425486 0.399103152704069 0.409192952573595 0.41812464755323 0.425093507625194 0.424204288781297 0.419839900293383 0.425236369828563
-9999 -9999 -9999 -9999 -9999 -9999 -9999 -9999 -9999 -9999 -9999 -9999 -9999 -9999 -9999 -9999 -9999 -9999 -9999 -9999 -9999 -9999 0.471720339641387 0.474191587935482 0.343658390351383 0.214829843829885 0.102712106657393 0.0459902663959034 0.026096534083202 0.0559207458624931 0.0794169285304091 0.0683215142295615 0.0655784138162042 0.0695390345275313 0.0422991276721657 0.0163339977781307 0.0150636686838794 0.0100714173857194 0.00148642593839188 0.0424385427339279 0.0823161018696312 0.054629957567624 0.098436369137253 0.225191103005695 0.295059800058 0.343054349343739 0.337177203167931 0.330231943464748 0.32179333655454 0.357023374220084 0.406520206571147 0.429669917816263 0.441745090930298 0.435050383854943 0.431456417052607 0.429352056941609 0.439873422142764
-9999 -9999 -9999 -9999 -9999 -9999 -9999 -9999 -9999 -9999 -9999 -9999 -9999 -9999 -9999 -9999 -9999 -9999 -9999 -9999 -9999 -9999 0.469635479516367 0.468882310146808 0.408679984566312 0.333403329194506 0.225402301147191 0.120483576550426 0.0176140182374057 0.0342563369175083 0.0506577959947323 0.032178400657865 0.0362838155354703 0.0585162155062144 0.0474669424557858 0.0328738736803121 0.0238265975747716 0.0135191508130386 0.00199527193282902 0.0494665253533211 0.0984953012966525 0.083806067999075 0.12536108297457 0.23217276665255 0.307152826351311 0.366746097949763 0.367545543175316 0.358997810012974 0.337381631988362 0.370317004245509 0.421055450410151 0.438537429636795 0.446706964964071 0.439093137211761 0.442987790910251 0.452050336219906 0.457729476827866
-9999 -9999 -9999 -9999 -9999 -9999 -9999 -9999 -9999 -9999 -9999 -9999 -9999 -9999 -9999 -9999 -9999 -9999 -9999 -9999 -9999 -9999 0.477899774065804 0.472980341288866 0.452557892452238 0.408604284399422 0.306370330079554 0.170713408081531 0.0128363446965473 0.018712764096706 0.0306971816428537 0.0156469499534886 0.0203159158732132 0.0408118733733039 0.0422795767399814 0.0384930873231717 0.0241869875520282 0.0119689424467294 0.00176647892015323 0.0491200658958351 0.10061803158399 0.105444219832389 0.146788850048778 0.230503534843299 0.307965283834409 0.377578773986566 0.391707658388347 0.388319386038197 0.360440086807374 0.387484644901309 0.432535731749243 0.445566267743054 0.452339547443839 0.448507603744399 0.456202243513833 0.468974769063742 0.464693496729325
-9999 -9999 -9999 -9999 -9999 -9999 -9999 -9999 -9999 -9999 -9999 -9999 -9999 -9999 -9999 -9999 -9999 -9999 -9999 -9999 -9999 -9999 0.484993674048363 0.491045575095437 0.463723490299854 0.416701725503114 0.322788195244482 0.183404164212696 0.0137905926492427 0.0126390011223204 0.0243491346658182 0.0294575496418361 0.0249663270490577 0.0127702583470302 0.0210712641689842 0.0272164728643554 0.0115474467804654 0.00268620253589374 0.000396452750611654 0.0373642886957037 0.0809933915506413 0.115420070452885 0.159712053444692 0.215450129155107 0.2913250862513 0.368516623636709 0.406267855256521 0.418500724189091 0.395055947749493 0.410645934671107 0.439289548700927 0.449750414357741 0.459009811919515 0.466232879665242 0.472020659915365 0.476966234792067 0.454805979332775
-9999 -9999 -9999 -9999 -9999 -9999 -9999 -9999 -9999 -9999 -9999 -9999 -9999 -9999 -9999 -9999 -9999 -9999 -9999 -9999 -9999 -9999 0.49982636543733 0.499510154901969 0.474881083560654 0.432074921251132 0.345397742256031 0.199797119642192 0.015023217718667 0.00628406990728305 0.0130009010131267 0.0193198780953401 0.0168311091750815 0.00727308091747177 0.0110105508102131 0.013833161083249 0.00455644258139988 0 0 0.0330379341945702 0.0715115546335334 0.101236041223594 0.145521291777652 0.206700482231844 0.270653766968867 0.33330474809472 0.377014339071272 0.405553990834831 0.412884299421011 0.432018233302632 0.454707119605476 0.464894913483155 0.468793344550293 0.462032135908379 0.460532289684719 0.461247678516202 0.439893376887138
-9999 -9999 -9999 -9999 -9999 -9999 -9999 -9999 -9999 -9999 -9999 -9999 -9999 -9999 -9999 -9999 -9999 -9999 -9999 -9999 -9999 -9999 0.467829413915281 0.500379090396052 0.484561957668132 0.449188518525383 0.368683214875482 0.216913752664053 0.017766699859588 0.00071467071251147 0 0 0.00380570894651895 0.0106659500625474 0.00555128591460003 0 0 0 0 0.0315169104706628 0.0657115713291356 0.076759466671439 0.119725958681606 0.199725593673616 0.248775997146998 0.289396656105516 0.33230977683625 0.376960903765292 0.424041965935787 0.452489381854153 0.473602221382781 0.483700230418792 0.478918248532652 0.448916646331674 0.438272882095206 0.4362833900504 0.42325871151597
-9999 -9999 -9999 -9999 -9999 -9999 -9999 -9999 -9999 -9999 -9999 -9999 -9999 -9999 -9999 -9999 -9999 -9999 -9999 -9999 -9999 -9999 0.441921224646544 0.434401631199373 0.444288823969656 0.424860076126611 0.329404480804369 0.207453857053865 0.0678889004470864 0.0256584868988957 0 0 0.00150385241362203 0.00421472450219969 0.00219362931813621 0 0 0 0 0.0225361657396152 0.0447084027889599 0.0368808571961827 0.0748304627855852 0.165892421736625 0.241648497932817 0.31167709787822 0.368649633481274 0.413325128297375 0.440807926791181 0.46710733321249 0.490786220197196 0.475302446862935 0.457636014414877 0.436270262900388 0.427834240482372 0.425196129509479 0.417615998541757
-9999 -9999 -9999 -9999 -9999 -9999 -9999 -9999 -9999 -9999 -9999 -9999 -9999 -9999 -9999 -9999 -9999 -9999 -9999 -9999 -9999 -9999 0.381804570005231 0.385551743802628 0.414168955860265 0.405693731408341 0.300759409180789 0.200544107661872 0.103466089114459 0.0433710278809784 0 0 0 0 0 0 0 0 0 0.0162964272643961 0.0302942615190571 0.0105853937892707 0.0435172725667323 0.137524903275251 0.241566668004505 0.34389191444447 0.404963383781577 0.442813395897303 0.448197104201793 0.468823647163146 0.492041392139786 0.463422196127105 0.440356462049083 0.4267031128413 0.420010441812332 0.416459005320795 0.413024705565926
-9999 -9999 -9999 -9999 -9999 -9999 -9999 -9999 -9999 -9999 -9999 -9999 -9999 -9999 -9999 -9999 -9999 -9999 -9999 -9999 -9999 -9999 0.376903037086773 0.373069563563232 0.403183090437681 0.39625544807305 0.292153656341548 0.198440152441474 0.111632954007916 0.0474561070406389 0 0 0 0 0 0 0 0 0 0.0152221619665918 0.028297254853453 0.00988760150468508 0.0378001697386572 0.119457502285448 0.254762522370309 0.394828230248942 0.441227936228672 0.459343805036827 0.437915572809221 0.446226604720547 0.463278417360114 0.444979176418705 0.43062003191572 0.422938830746217 0.417114359398116 0.412150753289895 0.410414831562885
-9999 -9999 -9999 -9999 -9999 -9999 -9999 -9999 -9999 -9999 -9999 -9999 -9999 -9999 -9999 -9999 -9999 -9999 -9999 -9999 -9999 -9999 0.370395908902752 0.370160447097743 0.391127562369495 0.382008298920576 0.294553325177143 0.218358830647864 0.149650488833472 0.0667798683209243 0.00220813199739901 0.000680278814888967 0 0 0 0 0 0 0 0.00898860500526137 0.0167093772336107 0.00583857566159778 0.0469678209856177 0.148429454722636 0.283652883145142 0.41705029175163 0.447599591185381 0.455518386308991 0.431797098670782 0.433663063201458 0.443674049285478 0.434418568993189 0.426465216575233 0.420718799011192 0.415509850770538 0.410563574412266 0.408428186780079
-9999 -9999 -9999 -9999 -9999 -9999 -9999 -9999 -9999 -9999 -9999 -9999 -9999 -9999 -9999 -9999 -9999 -9999 -9999 -9999 -9999 -9999 0.37125956630902 0.372359825861382 0.37853246960849 0.365335437121102 0.302504405001751 0.24938627804317 0.202725450987718 0.0937904034370486 0.00553010121046592 0.00170370734272368 0 0 0 0 0 0 0 0.000152571802433837 0.000283623521178945 9.91034773265582e-05 0.0636437158766937 0.201129237973222 0.320459946970565 0.4247881624998 0.438892518172856 0.44142497696234 0.427778575126814 0.42616067144389 0.428689512363939 0.427834048214782 0.425125907865306 0.419277725926904 0.4145568443865 0.410348973146952 0.406755914462419
-9999 -9999 -9999 -9999 -9999 -9999 -9999 -9999 -9999 -9999 -9999 -9999 -9999 -9999 -9999 -9999 -9999 -9999 -9999 -9999 -9999 -9999 0.360040239517969 0.358873518215877 0.363467695588625 0.351139474319852 0.295324519983014 0.232633861348198 0.165372120842163 0.118180790998544 0.0717623127049405 0.0221084523471026 0 0 0 0 0 0 0 0 0 0 0.0566588147721307 0.179055293717658 0.311837485206229 0.434517960969277 0.43870446491406 0.437287072556202 0.428034779995754 0.42804245138446 0.43106958299578 0.428405851591726 0.424989931076365 0.420299149313347 0.414435901849216 0.408093530287476 0.40869238731612
-9999 -9999 -9999 -9999 -9999 -9999 -9999 -9999 -9999 -9999 -9999 -9999 -9999 -9999 -9999 -9999 -9999 -9999 -9999 -9999 -9999 -9999 0.361098448843796 0.355039620428556 0.355371450540678 0.342162741408587 0.293992075717358 0.219959635538579 0.128733860190864 0.137873571835958 0.131442093274091 0.0461626641085879 0.00549003009252541 0.000619632316129937 0 0 0 0 0 0 0 0 0.0488792973282489 0.154470173352926 0.299045537628622 0.438992056945685 0.437234301039377 0.43395702236901 0.428555273763973 0.428787072265672 0.430764102796189 0.427641366269194 0.424004990918952 0.419498065568445 0.413819578889331 0.407671424388086 0.409724453013888
-9999 -9999 -9999 -9999 -9999 -9999 -9999 -9999 -9999 -9999 -9999 -9999 -9999 -9999 -9999 -9999 -9999 -9999 -9999 -9999 -9999 -9999 0.368350130206914 0.373506658255077 0.36357727520102 0.345219054397084 0.30687248236453 0.218718610735514 0.0974520230307391 0.146751883954478 0.173318225099862 0.0779098303944758 0.0237438716300746 0.00267985237313468 0 0 0 0 0 0 0 0 0.0402189028704836 0.127101272687028 0.278415696462631 0.431165762131681 0.432435350794961 0.432098480724439 0.429515594100581 0.426504564670317 0.423505629625344 0.423477801024285 0.420997134023775 0.414359229733842 0.412017552915801 0.411595024523977 0.408506440305194
-9999 -9999 -9999 -9999 -9999 -9999 -9999 -9999 -9999 -9999 -9999 -9999 -9999 -9999 -9999 -9999 -9999 -9999 -9999 -9999 -9999 -9999 0.483169064473812 0.395007057417947 0.363966077722916 0.334898261294996 0.305519843646318 0.225602312733262 0.112085543921292 0.163896683801896 0.193699527008017 0.105360910806946 0.044250642902711 0.00499434937330786 0 0 0 0 0 0 0.00475326312137248 0.0375604370075129 0.0850517773919215 0.149580233886359 0.28557638008425 0.426322929945337 0.427799859895588 0.428920188983561 0.429541948501862 0.426921375811199 0.423175742914978 0.420212271747939 0.415585548526744 0.408139832638608 0.406298162868342 0.406959821150047 0.404139648438231
-9999 -9999 -9999 -9999 -9999 -9999 -9999 -9999 -9999 -9999 -9999 -9999 -9999 -9999 -9999 -9999 -9999 -9999 -9999 -9999 -9999 0.540173296625352 0.490007084090212 0.412420669598535 0.359539097246118 0.316336319716955 0.295398743399371 0.237491363379562 0.15500584675555 0.186134166049167 0.200838646069082 0.130165328981072 0.0661453622357888 0.00746549714895316 0 0 0 0 0 0 0.0124348387539296 0.0982604930106817 0.162839909136893 0.202768649586412 0.30985779515918 0.423318100561729 0.423265070352932 0.424928847213688 0.428992920462996 0.429001139038924 0.427114306298573 0.417499989766153 0.4086931132727 0.401254741055648 0.398165427307361 0.397051850256499 0.39783300826734
-9999 -9999 -9999 -9999 -9999 -9999 -9999 -9999 -9999 -9999 -9999 -9999 -9999 -9999 -9999 -9999 -9999 -9999 -9999 -9999 0.489842951988329 0.486507493877934 0.451068130197372 0.398081187581866 0.363496954346307 0.321861907056368 0.260617852812274 0.199959325437669 0.139690066004533 0.136425630009729 0.124675540896981 0.0692974585113738 0.0299170197837413 0.00337658481791262 0 0 0 0 0 0 0.0203923779849527 0.161141222183392 0.256176143887118 0.298172072504029 0.336928497848511 0.373876830106083 0.402636807951841 0.42259974907621 0.430263407510764 0.428753477367115 0.423696504716242 0.414356833876025 0.406055042592544 0.399512320147907 0.395089763516504 0.391592583646666 0.383756225948579
-9999 -9999 -9999 -9999 -9999 -9999 -9999 -9999 -9999 -9999 -9999 -9999 -9999 -9999 -9999 -9999 -9999 -9999 -9999 -9999 -9999 0.441704388570145 0.418681553253361 0.383074734372819 0.362419520205291 0.322146204897728 0.230688497312689 0.164586943952151 0.11534258105188 0.0861902253246118 0.0561063064655413 0.01728516760553 0 0 0 0 0 0 0 0 0.0258625427043908 0.20436663851714 0.321962225246148 0.368889494405287 0.350504464553367 0.323256648138594 0.382117541512867 0.420347505879083 0.429733026819635 0.425739709572674 0.41691451103878 0.407933247214833 0.400559984362516 0.395912070885919 0.389484516740604 0.382196368445956 0.366875270820724
-9999 -9999 -9999 -9999 -9999 -9999 -9999 -9999 -9999 -9999 -9999 -9999 -9999 -9999 -9999 -9999 -9999 -9999 -9999 -9999 -9999 -9999 0.41448200983261 0.372380231495243 0.344965285236359 0.30235456318753 0.219808298016294 0.145275956685716 0.0760714043928583 0.0486030620673683 0.0261699599663258 0.00806241174556326 0 0 0 0 0 0 0 0 0.0240052018468129 0.189689871735841 0.304125362327097 0.359099649019391 0.324071743387035 0.27834727366669 0.365090846967665 0.417992167771308 0.423578075043394 0.415096851357758 0.401746404318517 0.392002657640671 0.385872073514981 0.385865322943886 0.375485442514996 0.360411168586937 0.343327301594933
-9999 -9999 -9999 -9999 -9999 -9999 -9999 -9999 -9999 -9999 -9999 -9999 -9999 -9999 -9999 -9999 -9999 -9999 -9999 -9999 -9999 -9999 0.435915385519275 0.299441214070319 0.295789174438231 0.275184374298417 0.199184887080665 0.121016618953948 0.0414065094294642 0.0214626406228932 0.00882498454633104 0.00271879128406412 0 0 0 0 0 0 0 0.0138498061216795 0.0507006890130962 0.206188044786409 0.307214842379414 0.345054474855195 0.322623159226492 0.294153164524261 0.364628763274759 0.405524949164554 0.405065668197196 0.397339150521435 0.387040352863692 0.377591166605551 0.370749072421791 0.368325655143529 0.353557333021199 0.333297160851421 0.323856809769358
