layers/veg/veg_3200.asc
NCOLS 255 
NROWS 330 
XLLCORNER -2985163.8955 
YLLCORNER -3022031.214 
CELLSIZE 25000 
NODATA_value -9999 
[rows 125 to 149 of 330, columns 168 to 223 of 255]
0.488954493026664 0.463990574579512 0.401653711508768 0.385687629547343 0.382698879623261 0.401896353149668 0.400690681926166 0.37707972722896 0.313165718450959 0.24880660051086 0.262968752358823 0.269124444318201 0.264697050648382 0.274868276131832 0.289018836513469 0.290306368604338 0.296054458864033 0.308934519947482 0.328574289496869 0.350704370608564 0.355531213836885 0.357513685817763 0.35394659861714 0.358018911768372 0.366081514012118 0.298679283664069 0.25410936865915 0.26933516614015 0.312544771404651 0.373572866892576 0.415720476955803 0.449726137869995 0.463312243467361 0.475664258035785 0.487066330006066 0.502537981467106 0.517800744256584 0.530093226108795 0.543758491134267 0.558695349234788 0.576661958489922 0.594289075807613 0.606859859490523 0.609886480221937 0.602288490995468 -9999 -9999 -9999 -9999 -9999 -9999 -9999 -9999 -9999 -9999 -9999
0.471887305070975 0.448002283392922 0.405555650414017 0.356331568578963 0.322519342840516 0.377297809586647 0.392932439659072 0.365582090324016 0.301558225717052 0.238516065214199 0.257845035243136 0.267366523906725 0.263924303697654 0.272540446888242 0.284834701379773 0.2919736230973 0.298749903524777 0.304946358064497 0.322108107534798 0.343559122388475 0.348672590390285 0.348636078910227 0.338551611860431 0.337405539583966 0.340928260344371 0.30055928684599 0.281977612341911 0.318708533387394 0.337599504358137 0.345131014227215 0.41427063914434 0.471685872936061 0.479009912354868 0.484240636956342 0.487860030732394 0.504922661262022 0.522019099543866 0.532179124628376 0.551179017161434 0.578367176021531 0.59220570653993 0.60302783585514 0.611565155831912 -9999 -9999 -9999 -9999 -9999 -9999 -9999 -9999 -9999 -9999 -9999 -9999 -9999
0.45100021000393 0.430498366008432 0.406249921484513 0.334783924197907 0.278991893995819 0.353879653640722 0.378656054459533 0.348403722525958 0.287980466912929 0.230034725470618 0.253005983638022 0.2654197048074 0.26387827980252 0.270631155287865 0.280361908504331 0.292808688776263 0.300384243297125 0.300171212036202 0.316309619962916 0.338980311010812 0.343686798016318 0.342542274356303 0.329982036243018 0.321441377786648 0.315000266954795 0.309736626603454 0.321939442645793 0.376226906640991 0.373561819399236 0.334632600940392 0.421150154472434 0.494174609411902 0.496843825559919 0.496870364327021 0.49486269997749 0.51152718590733 0.528222763758115 0.535220897643153 0.558318322569919 0.596328333402917 0.605038173562846 0.60758151313904 -9999 -9999 -9999 -9999 -9999 -9999 -9999 -9999 -9999 -9999 -9999 -9999 -9999 -9999
0.417571257787881 0.391453155547692 0.335206714172604 0.330014586100051 0.336779456265612 0.355603563753833 0.353767138192227 0.329242783619029 0.278226747690758 0.228905593429365 0.246849640829991 0.258985412253911 0.263443697888244 0.277875839892025 0.295320151454119 0.30807930871387 0.316930076139054 0.319531732755013 0.337919130984798 0.36246290838026 0.362618078354065 0.365927926740921 0.375392764413216 0.354028290419524 0.316560737597056 0.354335810871911 0.392830804244531 0.428390551017308 0.43268288767083 0.41706592370908 0.475749020744055 0.527379385427316 0.540201773038063 0.5455806349265 0.545229836686006 0.547023318915236 0.549750541824173 0.555059232494557 0.571471992809652 0.598170323592187 0.605038173562846 -9999 -9999 -9999 -9999 -9999 -9999 -9999 -9999 -9999 -9999 -9999 -9999 -9999 -9999 -9999
0.379815256519629 0.354634748226311 0.28657290527396 0.319326498062648 0.360128829427638 0.342175544036774 0.326200497087227 0.312397810996734 0.277025905219433 0.242115633979767 0.254739688769204 0.264904338391546 0.271818101124744 0.287473579925103 0.30548435630355 0.315407586268331 0.32649836204255 0.339455922719722 0.361629057440728 0.387024593533189 0.380715218268902 0.382621822418419 0.400558353755494 0.380169266629253 0.339761553658788 0.392441981862851 0.439073638324696 0.465324569144779 0.477526580472417 0.480783042410834 0.52026555311868 0.555587137550242 0.569785737162191 0.580717825899809 0.589135515169272 0.583277046340442 0.578532166179792 0.585719829234811 0.593993328790801 0.603272626059181 -9999 -9999 -9999 -9999 -9999 -9999 -9999 -9999 -9999 -9999 -9999 -9999 -9999 -9999 -9999 -9999
0.337570305034541 0.320126462263545 0.26118696637928 0.302498203731305 0.34775147183212 0.313028668841986 0.295855941208031 0.2979554590127 0.284697954523101 0.270201362588707 0.277201688176936 0.283638692099597 0.289331087105653 0.299512417470697 0.310675148993679 0.314496350211348 0.328828028631963 0.359964872217561 0.387517988618898 0.412705741692245 0.397947007505454 0.392373582160076 0.404721310764494 0.399623124815748 0.385412411791038 0.423812196545371 0.459745693887143 0.486459128281304 0.507558694542465 0.525083670268365 0.554322510298498 0.578610896791391 0.58508034962477 0.601774085967099 0.626337973062387 0.620316714387716 0.614839047236126 0.627607614358306 0.624808012788175 0.607587797762144 -9999 -9999 -9999 -9999 -9999 -9999 -9999 -9999 -9999 -9999 -9999 -9999 -9999 -9999 -9999 -9999
0.310430307347957 0.280369304192662 0.220962720090943 0.273820810302327 0.330217487489847 0.292406877341814 0.278193111791261 0.289891723904635 0.283498622604412 0.273574607370812 0.272663996168201 0.273228517230708 0.275742895195441 0.282062716730294 0.290001811280828 0.302724430497168 0.323181129051374 0.356003819954192 0.379282734628208 0.398081218097224 0.395979853182495 0.397036210849876 0.404253497180819 0.409284576603356 0.413173734254707 0.440476392981905 0.46571584791501 0.484521392850792 0.510191357095424 0.540232191426447 0.551581214715091 0.560655922559251 0.567152776013349 0.583761398079178 0.608153562462052 0.63694271182163 0.661341433713345 0.665986479171386 0.668538428368447 0.669151566861299 -9999 -9999 -9999 -9999 -9999 -9999 -9999 -9999 -9999 -9999 -9999 -9999 -9999 -9999 -9999 -9999
0.284113810390702 0.240636311168419 0.183693743961097 0.246025969713909 0.312113183523354 0.278086360950555 0.269161429785213 0.287801611723953 0.282808213704556 0.271988442628914 0.263383252738028 0.258757856962167 0.259393026091643 0.262744513691524 0.268294207639841 0.291831729277781 0.317811074241863 0.347694641964546 0.365582035841397 0.378336670241688 0.388273018467995 0.39592671121727 0.399126789948276 0.411895355641091 0.429661830514865 0.449132864353943 0.46575408946999 0.475391036292699 0.504542981211967 0.546120962126189 0.538893723462387 0.532969806708023 0.542388964732149 0.560354639465205 0.584899002558484 0.649654218883984 0.70479607821149 0.700599183902239 0.702656378771116 0.71050666365199 -9999 -9999 -9999 -9999 -9999 -9999 -9999 -9999 -9999 -9999 -9999 -9999 -9999 -9999 -9999 -9999
0.238897678213819 0.209606463577883 0.190896007845941 0.243576356136223 0.298470786693806 0.293265533173391 0.29890305758244 0.316447350096593 0.300048728763898 0.276464656756877 0.265373800255917 0.263744262259069 0.274620868711515 0.278527979456453 0.281534648779338 0.304653734849859 0.327319453935438 0.349260286137656 0.369768540305478 0.388910150678741 0.372291480516573 0.363370796479667 0.369469399963306 0.3819103272244 0.397664041382991 0.426598720411381 0.448880642285155 0.454286597669597 0.486467850229089 0.535698082492629 0.517606310370455 0.50496295399903 0.524611614895233 0.563368511416937 0.616833988238093 0.668627524728152 0.71069421855875 0.715000352753507 0.715439522006191 0.712296766642098 -9999 -9999 -9999 -9999 -9999 -9999 -9999 -9999 -9999 -9999 -9999 -9999 -9999 -9999 -9999 -9999
0.21429708528466 0.194783253587139 0.199765870420579 0.240011125686419 0.283193873888582 0.30647404895726 0.32488192786778 0.337939397420849 0.316803389847873 0.289228409067037 0.280535488826918 0.282025957321288 0.296977015948156 0.302347864423827 0.305770902197715 0.326912823561067 0.345470059344771 0.359894650413412 0.38122850078199 0.40456103815848 0.38451154021506 0.371283056345847 0.371362828674448 0.377500884796749 0.386803365170685 0.416646104667657 0.439216179919298 0.442957012467125 0.469059786927816 0.509401368574213 0.504506942243175 0.507740110196293 0.546286495176215 0.592701843581271 0.645174333141607 0.684286135277455 0.717285934559364 0.733033058323012 0.74425182162669 0.751276017343595 -9999 -9999 -9999 -9999 -9999 -9999 -9999 -9999 -9999 -9999 -9999 -9999 -9999 -9999 -9999 -9999
0.215418467944591 0.20018103959916 0.210716393232907 0.235053941836486 0.265877578095552 0.317223779830945 0.346166011579488 0.35050579578161 0.332951851698149 0.312332509609399 0.312130789178698 0.316896164315403 0.328227137537874 0.336194776871056 0.343726613138931 0.360946545922168 0.374403556058808 0.381844042363268 0.401763540777496 0.426546998344223 0.431918688527023 0.429687393415799 0.412622163781015 0.405002060402499 0.402315431189746 0.422391441682534 0.438546356466721 0.443823496358512 0.452484022913813 0.463298896820703 0.501623784818528 0.548926425431606 0.617185860338895 0.65487392446673 0.669029650455825 0.695809005769934 0.72474302380151 0.755596826490245 0.764873596627054 0.754163812654234 -9999 -9999 -9999 -9999 -9999 -9999 -9999 -9999 -9999 -9999 -9999 -9999 -9999 -9999 -9999 -9999
0.247095151978995 0.236163449417198 0.240788179944564 0.262331131858931 0.287717882699195 0.316472202597955 0.33938659666765 0.355887999246601 0.355359293532025 0.351251635511766 0.353618424924267 0.360603554514705 0.373693290916146 0.37447408187954 0.372058139259157 0.382703399388075 0.399665600376132 0.426727935965642 0.449933674919855 0.471100786111738 0.473101325617321 0.471551784592563 0.46307579821721 0.453993854450344 0.444595400871385 0.456109359695776 0.465132530911687 0.466845085729758 0.473354352131431 0.482917890457719 0.514668659361671 0.550967663566978 0.595961521122904 0.644694027538452 0.696304362029862 0.716872961178062 0.735698996210513 0.7639296486485 0.777504835676907 -9999 -9999 -9999 -9999 -9999 -9999 -9999 -9999 -9999 -9999 -9999 -9999 -9999 -9999 -9999 -9999 -9999
0.286727572132734 0.28017486140738 0.276190625582047 0.299324485844201 0.321894680906422 0.314182943057223 0.32526318660741 0.356979448548224 0.376231444399455 0.390834860212721 0.394196242309026 0.40296331222328 0.418875719509873 0.410169943378345 0.394576524880667 0.398197845015254 0.420784808664304 0.473695873262015 0.500439753926705 0.515627432984533 0.507740764982011 0.505366790766528 0.513748452070905 0.508558301993979 0.496279185712093 0.49979940577604 0.502050826759717 0.500258617265295 0.509449298075308 0.525633256034328 0.536749113057889 0.546791273545258 0.554741335148156 0.616671694669162 0.720153433505241 0.739807328972316 0.7511866844582 0.773786152824382 -9999 -9999 -9999 -9999 -9999 -9999 -9999 -9999 -9999 -9999 -9999 -9999 -9999 -9999 -9999 -9999 -9999 -9999
0.308887404052472 0.307442009238983 0.304655267593566 0.332907480431325 0.357988991119272 0.335010633074165 0.326766802866218 0.334703383917871 0.35759378785601 0.382165889716153 0.3895474657506 0.398848426443652 0.41068646500633 0.400900401394128 0.38505190635995 0.385906909776375 0.407823683890096 0.463416049359059 0.47997529809737 0.480232242087046 0.490055883140875 0.506148510160319 0.53447234949266 0.550573736856322 0.560290969112502 0.558019523634361 0.560114013065287 0.573490852714684 0.586283952266437 0.598705359470125 0.605217485364363 0.610122267565267 0.61150426584195 0.641329708828068 0.693049517086903 0.750317309477978 0.795220082767082 0.788084672485013 -9999 -9999 -9999 -9999 -9999 -9999 -9999 -9999 -9999 -9999 -9999 -9999 -9999 -9999 -9999 -9999 -9999 -9999
0.338479239348897 0.337375539921963 0.328440173895974 0.354595376742838 0.378884564769596 0.357958606135095 0.342508053801974 0.333070203521396 0.350722882590866 0.373845906130283 0.384914692878489 0.394682939975003 0.402732109890148 0.391856999527898 0.375490500182389 0.371143430499757 0.391161719556586 0.450137695311587 0.462406509279438 0.455655822577044 0.48328379666446 0.513854772371026 0.550167741733101 0.578849737703463 0.603545846236623 0.602123856694751 0.606410682289209 0.626098585311576 0.641061354837849 0.65301542927674 0.658967275856079 0.662517470998392 0.660145336071878 0.667576654664974 0.682554189775972 0.754713046037946 0.817308603519697 0.811838337906686 -9999 -9999 -9999 -9999 -9999 -9999 -9999 -9999 -9999 -9999 -9999 -9999 -9999 -9999 -9999 -9999 -9999 -9999
0.379266518007696 0.371325664339095 0.345175605995157 0.358364699517071 0.376885020409187 0.384100537477263 0.379696635230063 0.362533112505255 0.361577211131266 0.366051630485446 0.38030602768699 0.390441229489851 0.3951316032121 0.383154251285541 0.365873677704842 0.352655352977891 0.368924873514955 0.432342406502137 0.449199703950931 0.447376616103703 0.492950559343326 0.531992047996003 0.558288279374929 0.586428889053636 0.615532873116864 0.62496441184616 0.634982470497441 0.647637917928116 0.662612089077441 0.679062691033867 0.690545245274831 0.698439185665043 0.696551773967606 0.69621714013125 0.697077758347702 0.749898389608527 0.798981357021384 0.805887116687213 -9999 -9999 -9999 -9999 -9999 -9999 -9999 -9999 -9999 -9999 -9999 -9999 -9999 -9999 -9999 -9999 -9999 -9999
0.397929063196939 0.389935495946855 0.377105174456895 0.379834568367313 0.38677351018035 0.400387741835096 0.399503173119353 0.3826970522943 0.372745224574083 0.366338612671647 0.373902173713452 0.377961560795596 0.377389066423168 0.369766391986954 0.359407437210196 0.343872701857341 0.355589856022943 0.410879960833176 0.439622464024256 0.458108366068513 0.522162264285292 0.572173756924602 0.594787573935996 0.626056720183867 0.661846805805735 0.667331901899154 0.673401465097521 0.68276378696106 0.688737782265806 0.692554284775836 0.698441578964214 0.702330569559019 0.699645914210885 0.704685101344014 0.715669722664921 0.742352439932516 0.764784357984218 0.762073249034318 -9999 -9999 -9999 -9999 -9999 -9999 -9999 -9999 -9999 -9999 -9999 -9999 -9999 -9999 -9999 -9999 -9999 -9999
0.408486507957514 0.402775185327049 0.413825172935348 0.407926075083199 0.402018609247344 0.41312409878692 0.412488749995801 0.398960446993823 0.383742858687907 0.369517222251384 0.36654182235909 0.362199613004504 0.356050729816598 0.353742823891833 0.351845564666686 0.337667357170433 0.34554837232443 0.388699801265603 0.432309865721765 0.476897226633757 0.558302451535298 0.619518940944342 0.641345852598372 0.676892277974189 0.719604818939872 0.715790538417035 0.714469460207885 0.72205558660662 0.716364978820397 0.702220505137729 0.698050552087618 0.694513479759159 0.690581752569908 0.705653633867867 0.735353558638372 0.734223843966994 0.73067353466452 0.733722806349437 -9999 -9999 -9999 -9999 -9999 -9999 -9999 -9999 -9999 -9999 -9999 -9999 -9999 -9999 -9999 -9999 -9999 -9999
0.436317468699571 0.423448352626881 0.417317052630417 0.425979151521005 0.435568227440404 0.435187624915204 0.426560694025732 0.408878231408998 0.386637975885748 0.364490701335118 0.352351939847533 0.345586792889481 0.345924588242477 0.316055305720629 0.279859336480508 0.296944350084643 0.329451171196277 0.386615866284688 0.447915467633103 0.510938981023183 0.572805963599825 0.624529076944233 0.656460820690072 0.688029709370265 0.719409067911453 0.719746178783341 0.721453193141473 0.728394515203936 0.735615018498329 0.743013288453008 0.726837423482542 0.712403380753752 0.708770880789218 0.71935582181841 0.740884649902768 0.739738273450465 0.736276317270728 0.735542141225368 -9999 -9999 -9999 -9999 -9999 -9999 -9999 -9999 -9999 -9999 -9999 -9999 -9999 -9999 -9999 -9999 -9999 -9999
0.464581070620911 0.447422585185139 0.431269323901364 0.448519209104215 0.46684064162489 0.457230812274955 0.440996661347894 0.417488151268081 0.388372126806665 0.359345470232456 0.342435315871365 0.332189971939391 0.330754296756809 0.280808537809496 0.22201652841267 0.267158806013397 0.317746260884091 0.377039990608677 0.450545204660052 0.52959135976056 0.58661136136971 0.637407055177829 0.676058706770376 0.702995505539925 0.723813283537293 0.729806308189526 0.735862498011285 0.742991823995249 0.756659467565179 0.774490338272907 0.75364742554306 0.734527585489454 0.729669947860731 0.735121840484727 0.748509502613753 0.745069235826912 0.740540848161231 -9999 -9999 -9999 -9999 -9999 -9999 -9999 -9999 -9999 -9999 -9999 -9999 -9999 -9999 -9999 -9999 -9999 -9999 -9999
0.493637424708369 0.477445540702345 0.464388744480583 0.479281008381653 0.493940409984303 0.479236731793402 0.45609964851757 0.423701599155748 0.387978975531459 0.353982719943197 0.340348817926948 0.324686002678684 0.306341332682203 0.250034090491683 0.190089484890679 0.257414575418105 0.314089585981098 0.353736221013017 0.429398552644685 0.520044941278519 0.599137566021195 0.664701712341024 0.703870889399811 0.724976224496129 0.736646270403261 0.751052027736321 0.763878085683084 0.772721415844475 0.78099191139093 0.788897658577732 0.776835101477388 0.764410537250413 0.755534584549755 0.75466952938674 0.759970869280412 0.75006402135874 -9999 -9999 -9999 -9999 -9999 -9999 -9999 -9999 -9999 -9999 -9999 -9999 -9999 -9999 -9999 -9999 -9999 -9999 -9999 -9999
0.529166048864196 0.511497312758266 0.492496998082843 0.501585906077312 0.510360090802735 0.489195812004412 0.459629112630112 0.420835472155428 0.390538901770633 0.363763053328665 0.347421016877588 0.322197927451071 0.285235699201098 0.230310660587832 0.176522253654099 0.222908016414376 0.275239495190577 0.337077558467401 0.427277712488276 0.529030346116293 0.61005882734104 0.680809757520085 0.731508495911471 0.75129964439583 0.754946826966431 0.775316868351141 0.79204569303213 0.798947365749697 0.802979751805474 0.805185140022829 0.793978203351549 0.782906409319067 0.775371266472932 0.771081923925522 0.769291038863431 0.769750508027351 -9999 -9999 -9999 -9999 -9999 -9999 -9999 -9999 -9999 -9999 -9999 -9999 -9999 -9999 -9999 -9999 -9999 -9999 -9999 -9999
0.567866812119296 0.547523657310583 0.51814921716666 0.519745972379523 0.521545329468025 0.493250588225307 0.457486250863471 0.413519333922152 0.394546167590447 0.380965198118901 0.358982005729191 0.322168203530202 0.265751029088183 0.21600347012629 0.171953392045278 0.176265135949446 0.219140678776045 0.323675744549796 0.434481656535195 0.547098425303656 0.620193486210642 0.691435106691652 0.759060540522417 0.779751475396088 0.77592710663004 0.801061417303864 0.820287807093189 0.823456137681344 0.823818473274979 0.822394111548377 0.808158785196081 0.795821333692874 0.792253573686865 0.785957672166749 0.777561781442242 0.773312092914304 -9999 -9999 -9999 -9999 -9999 -9999 -9999 -9999 -9999 -9999 -9999 -9999 -9999 -9999 -9999 -9999 -9999 -9999 -9999 -9999
0.570348938577985 0.559700010521314 0.546347839306317 0.538231362697612 0.528340377450716 0.503765327045074 0.47411871937114 0.438902887950474 0.422686351393296 0.409368790697141 0.380213841204786 0.343348869207459 0.296292647955328 0.272329949402467 0.255638717030661 0.232252801131757 0.254967102393132 0.351390879310174 0.455000313076327 0.561155440628411 0.644144626317083 0.717422903846446 0.771754547885313 0.793483604235543 0.798183346235192 0.807432815642177 0.814220493473791 0.814783730875334 0.81450968472302 0.813702504233375 0.80995357859278 0.804502584086399 0.794548709329522 0.785664681667498 0.777604169698454 -9999 -9999 -9999 -9999 -9999 -9999 -9999 -9999 -9999 -9999 -9999 -9999 -9999 -9999 -9999 -9999 -9999 -9999 -9999 -9999 -9999
0.576711599171449 0.574335422797837 0.574852743637414 0.563456249724045 0.547860191899442 0.521972625854668 0.493486318775383 0.462146258989513 0.447615105292233 0.43484321503491 0.401716111285216 0.366767482684891 0.329411129105214 0.324398123349898 0.327153015133463 0.286752869144323 0.294593081749569 0.379564634649176 0.474179716533191 0.572601526848033 0.658276393952526 0.730219522693633 0.775371108389498 0.800717671955909 0.815719475444265 0.810732644621904 0.805956210618354 0.802928975488217 0.803013014428926 0.80507813496663 0.80865651736818 0.808399089383351 0.796096836763535 0.791333698584907 0.792373800031238 -9999 -9999 -9999 -9999 -9999 -9999 -9999 -9999 -9999 -9999 -9999 -9999 -9999 -9999 -9999 -9999 -9999 -9999 -9999 -9999 -9999
