layers/veg/veg_1100.asc
NCOLS 255 
NROWS 330 
XLLCORNER -2985163.8955 
YLLCORNER -3022031.214 
CELLSIZE 25000 
NODATA_value -9999 
[rows 200 to 224 of 330, columns 57 to 113 of 255]
-9999 -9999 -9999 -9999 -9999 -9999 -9999 -9999 -9999 -9999 -9999 -9999 -9999 -9999 -9999 -9999 -9999 -9999 -9999 -9999 0.19998776597067 0.201596804486864 0.154211309631944 0.115223053613038 0.109624171064075 0.0993627563816269 0.0856594357295818 0.116688025037903 0.147621168354384 0.158269093136527 0.179921880124692 0.211357707339545 0.209692343772309 0.204000969853497 0.208066304145545 0.212944266584266 0.218690426636859 0.220483687123546 0.220764340098928 0.21711414440695 0.2216245560609 0.236624987112899 0.252460081610287 0.268025842750421 0.276803569318634 0.280570899028542 0.276555028290104 0.274434292243646 0.2735601739627 0.289235766455132 0.298703736672023 0.296423430618595 0.290189256824572 0.281952017826849 0.275631633451616 0.27080053989363 0.269364690830534
-9999 -9999 -9999 -9999 -9999 -9999 -9999 -9999 -9999 -9999 -9999 -9999 -9999 -9999 -9999 -9999 -9999 -9999 -9999 -9999 0.196762406782683 0.19317950507094 0.157688370220471 0.125066209106401 0.106683994363769 0.0825163678927044 0.0540779197748225 0.113956046667468 0.168833161008346 0.165703190933597 0.178242317263417 0.204710868384932 0.205634383921729 0.202515615545178 0.202208274956827 0.205087297960963 0.211370575763866 0.210295124506858 0.208235618699201 0.212352558139757 0.218452872012241 0.22710270645134 0.241583433602971 0.257193641916325 0.263279514096735 0.266201958614032 0.264210303050606 0.273152462418214 0.28640882347892 0.294078333420861 0.301960136818504 0.310243717588748 0.306687968718325 0.297134308234704 0.284372262665459 0.274989715564698 0.273639450482833
-9999 -9999 -9999 -9999 -9999 -9999 -9999 -9999 -9999 -9999 -9999 -9999 -9999 -9999 -9999 -9999 -9999 -9999 -9999 0.202540511396677 0.196517663353391 0.186822536324078 0.15655485887272 0.126603080628769 0.101404421568479 0.0772886548879434 0.0539722851101217 0.107130156533027 0.156892536832518 0.159914467107244 0.172844054685353 0.194581295474986 0.202097078166655 0.205391743827627 0.200310624185366 0.200949934232584 0.207700850710195 0.206612734338653 0.204356029749485 0.207792682083701 0.212874634788534 0.22007153213802 0.232088378350424 0.245172390096275 0.252063715970787 0.256185442408241 0.256004845458973 0.268522448772666 0.286020341447373 0.295973042956171 0.304029481208587 0.308497133992368 0.308797466032982 0.306986595645756 0.289314747698266 0.275965386787233 0.273399486390955
-9999 -9999 -9999 -9999 -9999 -9999 -9999 -9999 -9999 -9999 -9999 -9999 -9999 -9999 -9999 -9999 -9999 -9999 0.194278759289482 0.198878999805356 0.192546029926859 0.179546812038701 0.15316111526914 0.125480929051984 0.096563200833814 0.0759419142650757 0.0614451049593486 0.101304490576998 0.139896033098121 0.149540009932593 0.164989746488362 0.185600654518759 0.196725733971544 0.203502309787296 0.196959179927962 0.196871511105959 0.203680743273665 0.203720326306344 0.202394430699069 0.203360479137405 0.206853770555991 0.213595696146349 0.223121275944264 0.233452620922555 0.242591879005477 0.248814647376787 0.25050691154395 0.264231837576692 0.282736438769915 0.296212835070481 0.304963295816373 0.304769656217952 0.308240658026048 0.313568200357759 0.293869739292612 0.278226919408032 0.2731418019222
-9999 -9999 -9999 -9999 -9999 -9999 -9999 -9999 -9999 -9999 -9999 -9999 -9999 -9999 -9999 -9999 -9999 -9999 0.192208912847586 0.18998241532726 0.180510522474883 0.166620933404352 0.142586989516884 0.11846404261318 0.095978245531204 0.0836458327779415 0.0788087022301626 0.104088923731139 0.127064598856724 0.128023464303227 0.1481893940194 0.185429911210547 0.18175361077098 0.174001761496354 0.18285559427391 0.189792683371192 0.194681957245199 0.19900274191619 0.202331097456674 0.199385880788125 0.200758407352735 0.207681159329702 0.215561599577154 0.224288287502115 0.239766615186987 0.250773884907009 0.254835768594601 0.264597784479506 0.27674656442933 0.290816229212652 0.301289622935872 0.304956870266535 0.307139942122197 0.308571117241496 0.299857392404072 0.289742286055909 0.276794104324552
-9999 -9999 -9999 -9999 -9999 -9999 -9999 -9999 -9999 -9999 -9999 -9999 -9999 -9999 -9999 -9999 -9999 -9999 -9999 0.183227449002918 0.172276245493088 0.154647823127359 0.128887003024989 0.10511208137974 0.0885885473207006 0.0804441425949764 0.0784852556194106 0.0987600730493741 0.116859190246463 0.116934599892186 0.139171007040385 0.181107972539202 0.168925863105023 0.153812877698706 0.173071260092827 0.184095988338012 0.186324025360016 0.192426587499318 0.198291738356904 0.195339191188252 0.194872102256071 0.197599935467355 0.205736945905309 0.216118303611172 0.232723851715995 0.246551582068759 0.256064222622317 0.26495003935908 0.273706508578244 0.286926423433418 0.297246696678978 0.302079234169594 0.304896717019605 0.306693354940306 0.303078522994449 0.29668612024294 0.2840411352729
-9999 -9999 -9999 -9999 -9999 -9999 -9999 -9999 -9999 -9999 -9999 -9999 -9999 -9999 -9999 -9999 -9999 -9999 -9999 -9999 0.168075785207677 0.143685778329777 0.111869893474902 0.0850374205678532 0.0739777437939576 0.0656695612688436 0.0593925464030747 0.084821510313439 0.109440486130735 0.116911456155816 0.138410741364537 0.17238083894555 0.15837369906986 0.143505412036279 0.167870459807997 0.179865994682722 0.178646159617466 0.183878142566523 0.190033071952681 0.191215999284038 0.189207646922926 0.183097077109175 0.193508727561327 0.209003510602655 0.221205532066884 0.235769508402791 0.254002568992118 0.265287764440373 0.273796762022421 0.284635614442944 0.292811923506571 0.295949218669214 0.301441075906511 0.308125775613796 0.303363855604667 0.298778703206639 0.295102845741882
-9999 -9999 -9999 -9999 -9999 -9999 -9999 -9999 -9999 -9999 -9999 -9999 -9999 -9999 -9999 -9999 -9999 -9999 -9999 -9999 0.131041814837626 0.131284326640888 0.101603892967993 0.0747265555548169 0.0615283073695123 0.0541803328735399 0.0511510614682064 0.0704758542644332 0.0880803187789307 0.0893065601291077 0.113726334082133 0.158764563605506 0.154451968863783 0.145544779618315 0.158285532174976 0.165662821839991 0.167309882120658 0.169937709978563 0.173018907181343 0.177650512327106 0.183020355140607 0.189339162550328 0.195632759523443 0.202352031478154 0.214531434351678 0.228251384893019 0.244364437545418 0.256906541323704 0.267981485649685 0.278838838707762 0.287085428280193 0.290391000286739 0.296645967055601 0.304395123920838 0.304301433249364 0.30051130339188 0.288427936576363
-9999 -9999 -9999 -9999 -9999 -9999 -9999 -9999 -9999 -9999 -9999 -9999 -9999 -9999 -9999 -9999 -9999 -9999 -9999 -9999 0.114998584306567 0.120071480775944 0.0939109398658459 0.068786373254962 0.0524841936758445 0.0460145518087056 0.046803341471527 0.0575166316592712 0.0654757776598724 0.0587369269584168 0.0849148367210673 0.140354902222151 0.148724999428236 0.148584944131672 0.148269499673352 0.15025924790974 0.154711823461739 0.155004991521381 0.155290654488158 0.163109584238646 0.176709563259053 0.197740768462986 0.200235001026834 0.197874870228746 0.209889602907258 0.221574994009846 0.232748782623873 0.246167857934184 0.260444695711608 0.272585015479267 0.281832649265366 0.285605711216038 0.29249001580257 0.300950504083912 0.305421987119568 0.301801148272133 0.279452936597524
-9999 -9999 -9999 -9999 -9999 -9999 -9999 -9999 -9999 -9999 -9999 -9999 -9999 -9999 -9999 -9999 -9999 -9999 -9999 -9999 0.110620260013584 0.108645259891362 0.0928787956291282 0.0771876341221039 0.0642889101161094 0.0561071603821094 0.0514075060933316 0.0553323089986067 0.0586175223659753 0.0556738738432211 0.0686848278440755 0.0958790142532263 0.118130564676688 0.136945861790843 0.142916668468687 0.143870818433376 0.139465260632828 0.142457438158767 0.147940027860445 0.158271610486576 0.170432250114553 0.184944043598629 0.197306496841085 0.208338444774877 0.211375629808036 0.215202536933095 0.220256206231603 0.233827385382967 0.25091850088371 0.269246193076925 0.282309159734644 0.285408335534447 0.295347630938558 0.308752192878488 0.30671036158548 0.300520544151397 0.285312623853494
-9999 -9999 -9999 -9999 -9999 -9999 -9999 -9999 -9999 -9999 -9999 -9999 -9999 -9999 -9999 -9999 -9999 -9999 -9999 -9999 0.102844437761082 0.102511083298913 0.0916106405735873 0.0800438839302842 0.0685266060945797 0.0589738333415346 0.0508712686680752 0.0498064240980664 0.0496316184726857 0.049642307552247 0.0557157690404428 0.0671788796899404 0.0913093746351913 0.114713822716744 0.12295012345433 0.128961341034768 0.132595318920012 0.136797570763557 0.14225853220515 0.155955016974306 0.167191573524477 0.175266025387936 0.192072428799723 0.210467132159221 0.213300790728332 0.214899311024488 0.21457915520941 0.224596171446862 0.239132910009856 0.263872241375188 0.281199999957761 0.28450093783758 0.294778655842825 0.308590873841487 0.307685600358537 0.303158971813515 0.290812624257373
-9999 -9999 -9999 -9999 -9999 -9999 -9999 -9999 -9999 -9999 -9999 -9999 -9999 -9999 -9999 -9999 -9999 -9999 -9999 -9999 0.103359905795843 0.103856312941578 0.0900411789173289 0.0758210157495147 0.0631037567460456 0.0526154118425395 0.043772463158672 0.0400144857826699 0.0379294214441859 0.0398209462906884 0.0469098489717768 0.0586190872351889 0.0693053516326066 0.0789581333253977 0.0843267708672714 0.103173345452941 0.136419510834527 0.13993096655856 0.138707956572756 0.156857379749546 0.167827662594515 0.169569548807991 0.183894929556621 0.201954966168257 0.215786578400147 0.222344456234467 0.2176032425147 0.219334437167423 0.224462828731381 0.255900112631061 0.278066471492561 0.282687080339742 0.289835075125532 0.298263466515887 0.308261069953009 0.310800687674386 0.295853425276806
-9999 -9999 -9999 -9999 -9999 -9999 -9999 -9999 -9999 -9999 -9999 -9999 -9999 -9999 -9999 -9999 -9999 -9999 -9999 -9999 0.101874517879173 0.102018959105871 0.0887891033747925 0.0751683894677113 0.0629164929258526 0.0515068473049888 0.04071895578466 0.0368443137695542 0.0347159380182758 0.0360233112002656 0.0422608064442845 0.0528810537439287 0.0606547463001608 0.0674929837916109 0.0721979106198219 0.0866306418003897 0.111456387992195 0.129266377259931 0.144860393426538 0.156930182223262 0.165801207622221 0.17056039567012 0.180366556426683 0.1922530582844 0.209774266284424 0.220919549014513 0.222160405843228 0.221929911390449 0.221660652598947 0.241169437880004 0.260112062161957 0.277983194730061 0.287567866441242 0.292954542039931 0.302975664700706 0.30833824876488 0.302619384847651
-9999 -9999 -9999 -9999 -9999 -9999 -9999 -9999 -9999 -9999 -9999 -9999 -9999 -9999 -9999 -9999 -9999 -9999 -9999 -9999 0.098505158423023 0.0991895641809951 0.0876584809751492 0.075621921457316 0.0644069307603079 0.052084250756083 0.0389438686256709 0.0358307618523821 0.0343654718249604 0.0345812212901862 0.0394830281287764 0.0485506197750226 0.0565244853958696 0.0638279246553775 0.0687428855464994 0.0740903680953132 0.0798999491730706 0.114033708091849 0.150772389796963 0.155024751931627 0.162202945730069 0.173142137896332 0.178412772087765 0.18293315038367 0.20108981618742 0.216154527390351 0.22641616548033 0.226705943315043 0.223109214610653 0.226298087779808 0.239455225143452 0.27147786631744 0.285163080683669 0.289558388564937 0.296052314580471 0.302504492646474 0.308768147815529
-9999 -9999 -9999 -9999 -9999 -9999 -9999 -9999 -9999 -9999 -9999 -9999 -9999 -9999 -9999 -9999 -9999 -9999 -9999 -9999 0.0979498841898331 0.0977404513205996 0.086770027091372 0.0756057582106165 0.0658911130003547 0.0527007385934624 0.0369445624444936 0.0352358026930436 0.0357595791284872 0.0383550660643745 0.0433226990819584 0.0503991091206774 0.0553423479162169 0.0603350170635046 0.0675145736681583 0.074309795268268 0.0806944001118222 0.0970167675209717 0.115534074465555 0.13208966625385 0.149782300266569 0.168936540564826 0.177495054684838 0.182988312894245 0.193041995351207 0.205286738763584 0.220935098115538 0.227331048156543 0.230042719566654 0.236305097953577 0.243953606294246 0.254225443974289 0.270532719798141 0.28989760324271 0.292085032866891 0.295042988439317 0.300545562258043
-9999 -9999 -9999 -9999 -9999 -9999 -9999 -9999 -9999 -9999 -9999 -9999 -9999 -9999 -9999 -9999 -9999 -9999 -9999 -9999 0.104257346844621 0.101325852617172 0.0906011009416956 0.0794556083330808 0.0685506117546713 0.0535081363269541 0.035411352050996 0.0348548327319246 0.0368501193343312 0.0405522485651416 0.0449830414661065 0.050061597679632 0.0534026348076343 0.0572654430329891 0.0653384479923897 0.0728431366029879 0.0797406460259406 0.0850417940914283 0.0918556411225641 0.112725255742849 0.132909477618982 0.152212664190187 0.16896150375357 0.184097803625482 0.189338633357742 0.198683065730032 0.214402075368545 0.225349090427556 0.234306407356747 0.241951838815887 0.246724569104093 0.246060549941357 0.259580751956058 0.280286808871872 0.287119932920967 0.292317988185118 0.294298853613802
-9999 -9999 -9999 -9999 -9999 -9999 -9999 -9999 -9999 -9999 -9999 -9999 -9999 -9999 -9999 -9999 -9999 -9999 -9999 -9999 0.108325373853527 0.111942283027022 0.101711826336751 0.0892686038761002 0.073022981448771 0.0546100036765681 0.0345970726844864 0.0348039311346631 0.0374724214417721 0.0403175030000346 0.0432818711146868 0.0463522819182719 0.0502943966033005 0.0548488412885787 0.0617003637132833 0.0687757691235247 0.0760903671763362 0.0808438199628314 0.0860077869211812 0.0988684452414284 0.109169379188401 0.116179925889538 0.148680884591637 0.186833546493077 0.192336396626687 0.198656592241421 0.206246460477915 0.219345860203163 0.234452026613092 0.240873067504753 0.246831069640902 0.251912744741971 0.254302533927404 0.255328589330198 0.280615744861637 0.29689882450195 0.291099843009295
-9999 -9999 -9999 -9999 -9999 -9999 -9999 -9999 -9999 -9999 -9999 -9999 -9999 -9999 -9999 -9999 -9999 -9999 -9999 -9999 0.125121982128321 0.124171480102932 0.113743701781839 0.100469251985807 0.0807464671875828 0.0596774474488911 0.0376146299313495 0.0349796539940001 0.0354137701167855 0.0386438953012141 0.0413524728880023 0.0435974080381724 0.0479134273513259 0.0528016286746272 0.0586949984524435 0.0646517581342488 0.0706762424741429 0.0787693461096714 0.0873388044955668 0.0956432823980816 0.102192327063287 0.106484857239953 0.129720264670586 0.158580695159485 0.181113087933296 0.197511495629668 0.204381309732556 0.214710172167228 0.226459728447585 0.238402844148377 0.24833240206503 0.254451187984887 0.255126179424098 0.25304329528029 0.267380522131773 0.280352994571262 0.289425818376337
-9999 -9999 -9999 -9999 -9999 -9999 -9999 -9999 -9999 -9999 -9999 -9999 -9999 -9999 -9999 -9999 -9999 -9999 -9999 -9999 0.138918763517656 0.136391062932685 0.125895730006858 0.111994741422591 0.0897498523039119 0.0663059620624405 0.0419769628278423 0.0351561542066116 0.032287247787155 0.0363635856356189 0.0393029133022031 0.0412314680813816 0.0458113070263463 0.05086837073042 0.0559246097091329 0.0605357985189932 0.0646715035590222 0.0774282610964359 0.0911852068186633 0.0965815335443246 0.102004664199669 0.107462249857 0.111880022809394 0.118972333642189 0.163959509851261 0.194923960320263 0.204105368776098 0.210256792689676 0.215577341083337 0.235252585725066 0.250031284295586 0.255542992469221 0.25836766605133 0.259831063575527 0.252088054731438 0.256155788951986 0.288207899102389
-9999 -9999 -9999 -9999 -9999 -9999 -9999 -9999 -9999 -9999 -9999 -9999 -9999 -9999 -9999 -9999 -9999 -9999 -9999 -9999 0.140853519160571 0.14144024244848 0.129667200073819 0.11564820671142 0.0974532582886635 0.0713456010625703 0.0393967401973021 0.0323197892411247 0.0298219010237452 0.0333286461725127 0.0363430200916528 0.038919688616965 0.0431718130887043 0.0477476930891954 0.0524349241258294 0.0574453417813563 0.0628010463341029 0.0718482680204865 0.0818918243536963 0.092539973079012 0.101395927419252 0.107948112803631 0.113361040988234 0.119645114525437 0.141531669287908 0.159673583767468 0.171998536686284 0.193491445575425 0.218312476236833 0.228288950352518 0.239555904948926 0.25326516684691 0.259686706046739 0.262416218929902 0.259068738125396 0.262404658475287 0.281613845798187
-9999 -9999 -9999 -9999 -9999 -9999 -9999 -9999 -9999 -9999 -9999 -9999 -9999 -9999 -9999 -9999 -9999 -9999 -9999 -9999 0.160571850702683 0.146613317130115 0.133107796140569 0.118818082915512 0.102179953009879 0.0738741710008563 0.0369552662773711 0.0305196807941898 0.0287571401848095 0.0308498931902739 0.0335146799357032 0.0366879900033089 0.0411700362275822 0.0458473430028699 0.0503209088625516 0.0554619259982705 0.0613160363336325 0.0678890647532952 0.0753374738708026 0.0879227692865371 0.098826628288429 0.107569091716424 0.114208984485637 0.120194500847569 0.126504506638854 0.135612753813448 0.149067817059716 0.176248544344651 0.208372018312056 0.216870034268085 0.229014953548181 0.248061843644236 0.25835127989175 0.264204110711894 0.263011272534545 0.264698026311523 0.273415905896561
-9999 -9999 -9999 -9999 -9999 -9999 -9999 -9999 -9999 -9999 -9999 -9999 -9999 -9999 -9999 -9999 -9999 -9999 -9999 0.169243230289615 0.161497775243341 0.149029725238799 0.135926844019504 0.121079535009301 0.101314883221591 0.0716856872453786 0.0347744323883453 0.0306661845343897 0.0303233858398263 0.029415938829412 0.0309334627408697 0.0346067236014226 0.0403662135514266 0.0462393833122955 0.0507910960264722 0.0555580912602315 0.0605550905500591 0.0669745218940516 0.0739284063770156 0.0822242171058629 0.0925744046146831 0.105565382368554 0.113867694556577 0.120512089972582 0.125379548282967 0.132571533760776 0.143374462922953 0.158108555716502 0.174620405983341 0.197081854805719 0.218350824770666 0.237362961049255 0.252029428014758 0.264494339551773 0.26124663141883 0.259560967750029 0.262205058339898
-9999 -9999 -9999 -9999 -9999 -9999 -9999 -9999 -9999 -9999 -9999 -9999 -9999 -9999 -9999 -9999 -9999 -9999 0.171630147064666 0.171322321938244 0.16364115225201 0.151464272548002 0.137982263756608 0.122632603118663 0.102135025835769 0.0716774932990299 0.0338674689265933 0.0302963533745181 0.0303000586601684 0.0283881063691106 0.029432144055525 0.0331039810108367 0.039421373024652 0.0459686417624102 0.0512725665038728 0.0565497062892686 0.0617982294988789 0.0674798318858387 0.0736715398355699 0.0828308236420154 0.0922512711004685 0.102007430309223 0.11173966873652 0.121143407917728 0.126510089567023 0.133572677342738 0.143269702608494 0.151672995780591 0.159783549062053 0.176201340399254 0.193371400950141 0.211965173537579 0.234026435915811 0.257844360023726 0.258874382354444 0.258816133304898 0.257204431376146
-9999 -9999 -9999 -9999 -9999 -9999 -9999 -9999 -9999 -9999 -9999 -9999 -9999 -9999 -9999 -9999 -9999 -9999 0.172161780347703 0.173607380538811 0.16639664957548 0.153907940026924 0.13965374053836 0.123829504364068 0.10380247277879 0.072765522588817 0.0336009920443579 0.0296669152978429 0.0294775135647982 0.0275644670680094 0.0284737852252481 0.0318921131663282 0.0384056304352659 0.0453646615432325 0.0517597100942539 0.0579915425858415 0.0640489979112847 0.0686990266468325 0.073993985939336 0.0866075874040421 0.09490921210892 0.0976680238910426 0.108713293810602 0.12193246490336 0.128774668676715 0.13660627226518 0.145974819393714 0.151122280439376 0.154456801437535 0.154771613249441 0.161194420643051 0.179176955153837 0.210150308382183 0.24770492801799 0.256196635392941 0.26027965580136 0.255326227902598
-9999 -9999 -9999 -9999 -9999 -9999 -9999 -9999 -9999 -9999 -9999 -9999 -9999 -9999 -9999 -9999 -9999 -9999 0.178890538923198 0.1793486084637 0.17168588870381 0.159071723434514 0.136367797239799 0.112983451457407 0.0895187403476875 0.0635098935794892 0.0356229523639642 0.0310922022578336 0.0299380980927015 0.0309773947078558 0.0330588509026477 0.0360667602323679 0.0390399769837601 0.0429065003715902 0.051310732675933 0.0591162730161175 0.0662821813956637 0.072223938407756 0.0780859128795922 0.085593548312406 0.0918838322990541 0.0966092768389305 0.104870212075226 0.114354882270273 0.124846958813169 0.134138865074033 0.141566414849499 0.148313113183282 0.15465298121696 0.156488119818262 0.159638763538912 0.165279075105173 0.188819204924146 0.2214275447711 0.230025506032673 0.237924859615615 0.245233874944136
