layers/veg/veg_4600.asc
NCOLS 255 
NROWS 330 
XLLCORNER -2985163.8955 
YLLCORNER -3022031.214 
CELLSIZE 25000 
NODATA_value -9999 
[rows 225 to 249 of 330, columns 56 to 111 of 255]
-9999 -9999 -9999 -9999 -9999 -9999 -9999 -9999 -9999 -9999 -9999 -9999 -9999 -9999 -9999 -9999 -9999 -9999 -9999 0.201491269599194 0.201310549656549 0.192475023612138 0.178362448844726 0.147695641090164 0.11597124150142 0.0842846461880979 0.0610251370122923 0.0439865475540611 0.0366825597832574 0.0332149963612363 0.0397251113157088 0.0473478126546169 0.0559595747514729 0.0659753411174508 0.0757424464516443 0.0829799606698753 0.0915808674164001 0.101638398751528 0.110372498833819 0.118106907268493 0.120891583962348 0.125451836751333 0.13229449658321 0.139943907332933 0.14711993678102 0.145053453815388 0.144635503357216 0.146778399736936 0.152048909891852 0.159085953888289 0.183223291956249 0.202766997181117 0.213616992426612 0.217925490412996 0.218920006647969 0.220494821643858
-9999 -9999 -9999 -9999 -9999 -9999 -9999 -9999 -9999 -9999 -9999 -9999 -9999 -9999 -9999 -9999 -9999 -9999 -9999 0.20159283317097 0.20174708875332 0.19716041127079 0.189683069978847 0.157176389780363 0.121594201921942 0.0818068450838271 0.0594949921746965 0.0500836490256813 0.0391164555042852 0.0318213994960422 0.0389211800570788 0.0455432247649885 0.0517405745533822 0.0615992767394023 0.0720140915899886 0.0819085878498967 0.0923353512518584 0.103330779503254 0.110547605573808 0.116643160662555 0.121372658957669 0.126594287410697 0.13244852256615 0.139381317911824 0.146464276887348 0.151045936523537 0.1519824205863 0.147256452559993 0.149501964725537 0.15475104942545 0.165315746351546 0.180531003058419 0.204547707194123 0.214387411053567 0.217044918185826 0.216874144797888
-9999 -9999 -9999 -9999 -9999 -9999 -9999 -9999 -9999 -9999 -9999 -9999 -9999 -9999 -9999 -9999 -9999 -9999 -9999 0.203357501755079 0.203137630666387 0.199777052862517 0.194501508719047 0.160836154116115 0.125457706417327 0.0904346000606534 0.0680087113699286 0.0548821556260685 0.0467733883407476 0.0412985810540335 0.0434162026618306 0.0469956179382851 0.0518745302912016 0.0609557835755224 0.0705981528658351 0.0792540672529151 0.0906330070012998 0.104921179134602 0.11134961419225 0.116181390010249 0.12359090561263 0.129969927291136 0.135024304762075 0.13989650140427 0.144844066151072 0.151481933147283 0.154645668516424 0.152412653168585 0.154519301772427 0.158319321553583 0.159236488800093 0.16675277304985 0.186758259485727 0.201117822854325 0.212617110467432 0.211631937797772
-9999 -9999 -9999 -9999 -9999 -9999 -9999 -9999 -9999 -9999 -9999 -9999 -9999 -9999 -9999 -9999 -9999 -9999 -9999 0.203658503456557 0.204431391889947 0.20112312332847 0.195326472698707 0.160920818171272 0.128240597911776 0.105883104629662 0.0826911159516093 0.0588830983427841 0.057638177498398 0.0574523177484987 0.0511657077201153 0.0504483658974627 0.0546819606581019 0.0626047405510972 0.0706024412164583 0.075627217627517 0.0874217415365857 0.106448944560141 0.112536649971922 0.116335007459828 0.126876078840428 0.134717135092865 0.13908746792132 0.141073625560193 0.142631452862569 0.148505277588877 0.15443232609596 0.160442052954898 0.164182428228159 0.166741523382865 0.160421864404 0.1581690862691 0.163613110161224 0.181871389869843 0.206621487621288 0.205393828291124
-9999 -9999 -9999 -9999 -9999 -9999 -9999 -9999 -9999 -9999 -9999 -9999 -9999 -9999 -9999 -9999 -9999 -9999 0.227149067979993 0.224642124911431 0.216373761010459 0.209406701304811 0.203233078859505 0.169215107911856 0.13881265852967 0.124046533873744 0.101318951618629 0.072714179104484 0.0687089734328608 0.0656045299237852 0.0549013891199931 0.0540317029007289 0.0619037055792237 0.0742028694269565 0.0853616172421425 0.0867464959534811 0.0939051633036012 0.10723244484671 0.10859512953554 0.108763074208995 0.12195853628627 0.131650681484283 0.136839502301752 0.140869965621561 0.144470021291243 0.147369147824835 0.151150778807913 0.156303301004034 0.160887029891224 0.165066474163616 0.163220614020279 0.161537088942488 0.160160792158193 0.168411019321205 0.18153813069394 0.179839245358977
-9999 -9999 -9999 -9999 -9999 -9999 -9999 -9999 -9999 -9999 -9999 -9999 -9999 -9999 -9999 -9999 -9999 -9999 0.240935923389043 0.232433112775947 0.226529849283087 0.220072323300103 0.213276849807802 0.178795006926111 0.149339469598927 0.139563460019403 0.116843233190468 0.0845675164802888 0.079194116519598 0.0744756431676359 0.0602152705920375 0.0586067909538956 0.0682455196163866 0.0819145745654999 0.0940407685696034 0.0947234411454457 0.0984029192412055 0.105284131626236 0.10458873826145 0.103698473104442 0.115195678978209 0.12511984996938 0.133021969692458 0.139373080410753 0.14481204820069 0.145085667301401 0.147002852128434 0.151473168346006 0.156434349328615 0.161526920179851 0.164181130706655 0.164286894901681 0.159569580269286 0.159025226553331 0.160594932628074 0.158801501490323
-9999 -9999 -9999 -9999 -9999 -9999 -9999 -9999 -9999 -9999 -9999 -9999 -9999 -9999 -9999 -9999 -9999 -9999 0.257148325367375 0.25820621904388 0.246015942416313 0.23633024133815 0.228171641739699 0.190526547969799 0.158222885394183 0.1468445735086 0.122561571659005 0.0887522591800567 0.0879333447443578 0.0869936281695012 0.0709051940840131 0.0660453885232542 0.0711675457069133 0.0763748277527571 0.0821461599750924 0.0906854699688209 0.0952352893516651 0.0955228071601495 0.101388648507208 0.107436672968402 0.104649483668865 0.110014042420119 0.125857232424657 0.13437714386709 0.140008644859642 0.139102913683077 0.140926690805227 0.146990513339966 0.151125413193942 0.154515789003266 0.159473999031142 0.162916588355451 0.163490779772131 0.160385330697085 0.155415742426024 0.154669379611652
-9999 -9999 -9999 -9999 -9999 -9999 -9999 -9999 -9999 -9999 -9999 -9999 -9999 -9999 -9999 -9999 -9999 -9999 0.266655246107199 0.264566456714647 0.253913716964219 0.242535922052722 0.230716043128383 0.187633405239813 0.152261290993096 0.144985357560899 0.124569392672886 0.0944533868170801 0.0968707174210904 0.0986459455992074 0.0835309849788039 0.0748728736612275 0.0719547357558268 0.0733509593526629 0.0766253076877186 0.0854549755371039 0.0895523674503653 0.0885938790169441 0.0980258993626261 0.10799419578586 0.102956207435983 0.105688302146628 0.11840841840692 0.127194795998704 0.134247855428477 0.135501384021839 0.137686949201409 0.141320349309189 0.143618879657331 0.145455763771948 0.150259412691924 0.155438913336602 0.161329734629104 0.160838900520683 0.15711506199374 0.157218719926318
-9999 -9999 -9999 -9999 -9999 -9999 -9999 -9999 -9999 -9999 -9999 -9999 -9999 -9999 -9999 -9999 -9999 -9999 0.260621725419213 0.2564952650463 0.253196793484055 0.241268819860036 0.224079226010242 0.173868345800028 0.135263990322496 0.136331266464038 0.12381883358491 0.101281787425811 0.105955389691557 0.109654730089088 0.097595890010374 0.0847328508652814 0.0711548993778662 0.0721973823706667 0.0758426739336229 0.0793379652870279 0.0819995900584535 0.0837705401218933 0.0945422300414976 0.106187219208631 0.107844146929021 0.109376409923594 0.110748423155298 0.118387080896152 0.127775349970356 0.133670044330479 0.13655578781857 0.134767397013799 0.134478663212749 0.134872600956597 0.13769400711891 0.143421051167184 0.154647179262548 0.160618557268565 0.163927831292184 0.164735025789762
-9999 -9999 -9999 -9999 -9999 -9999 -9999 -9999 -9999 -9999 -9999 -9999 -9999 -9999 -9999 -9999 -9999 0.281662899799184 0.269381699297703 0.258885617974403 0.252916949741257 0.237790650671825 0.217080718238213 0.171365749663834 0.134662436944574 0.128643057758736 0.121802322480944 0.114355257776323 0.110140553899405 0.105398663818187 0.097249618827837 0.088423897255353 0.0789966275580912 0.0786385265862143 0.0800558687063604 0.0821918127832976 0.083613480942146 0.0842720292776536 0.0891091060131665 0.0952887593110823 0.103735081845721 0.108081770544809 0.107158601666287 0.111930758349979 0.118589479977493 0.125804369229355 0.130046688478994 0.129671387841762 0.130592878373679 0.132029229178922 0.132914627189293 0.136222540261177 0.144115200108615 0.150239751832671 0.155468563969395 0.15816705050026
-9999 -9999 -9999 -9999 -9999 -9999 -9999 -9999 -9999 -9999 -9999 -9999 -9999 -9999 -9999 -9999 0.280946855053571 0.281401960082165 0.271274260973164 0.261446539538272 0.252674342817836 0.234232287357193 0.209894280546907 0.168783637597706 0.134028608353434 0.120752859388607 0.118030371579722 0.123098357172723 0.111440799757216 0.0996375003788449 0.0947420116882436 0.0888914820934596 0.0821919456316348 0.0821878472438071 0.0834485102051095 0.0850077299238441 0.0854950584214555 0.0848371971981357 0.084288515563938 0.0852754801432988 0.097375611246487 0.103900452488803 0.103258560139963 0.105995279017355 0.110082117543784 0.117405741017773 0.122716281742133 0.12489967964676 0.127242593661619 0.129573365463824 0.129185922349057 0.130511788224036 0.13508018826983 0.14058944326618 0.146575343900884 0.151139276951959
-9999 -9999 -9999 -9999 -9999 -9999 -9999 -9999 -9999 -9999 -9999 -9999 -9999 -9999 -9999 -9999 0.280465940368151 0.280200187850943 0.269612036780085 0.259856558014979 0.252371826242361 0.231384806220354 0.202165108062499 0.160740813221859 0.12575986867255 0.111658571307788 0.108220701786413 0.112654631300357 0.104110357175725 0.0951972823784873 0.0906902049472779 0.080033808576483 0.0639108253982874 0.0713550541640178 0.081458444326917 0.0835698204649384 0.0841852258510336 0.0832023624070847 0.0826704394943514 0.0827653526241016 0.0866551513474519 0.0911199534694295 0.0963238913627851 0.100945817310718 0.105376041146696 0.109763124936625 0.114754030745816 0.120682919701639 0.123503284291856 0.125031663187804 0.125850265665566 0.128201304331441 0.133452565160561 0.138340539473466 0.143044469547326 0.148832133464399
-9999 -9999 -9999 -9999 -9999 -9999 -9999 -9999 -9999 -9999 -9999 -9999 -9999 -9999 -9999 -9999 0.286048608913545 0.284378722886517 0.273708901121935 0.2628448498618 0.251845782884758 0.227539614975428 0.195119779451148 0.15762774866976 0.124532667190766 0.105077897209526 0.100365261526709 0.106535347634037 0.10586189047508 0.10208891767358 0.0897998260187053 0.0782002181415446 0.0672135436575285 0.0731108647282933 0.081087673805141 0.0842186704426602 0.085271786780191 0.0841049323651129 0.0829739459039027 0.0819716290359392 0.0818517197308207 0.0841613492709752 0.0895940196014638 0.0937680346437298 0.0977081462357381 0.103828856149498 0.10922509861024 0.113495946104359 0.11657679101373 0.119158829081801 0.121321307749812 0.12468724198469 0.130330783949395 0.1347279536693 0.138493699922815 0.144305254627904
-9999 -9999 -9999 -9999 -9999 -9999 -9999 -9999 -9999 -9999 -9999 -9999 -9999 -9999 -9999 -9999 0.289604345861317 0.293264261330052 0.282960754166575 0.269931176902571 0.251119659596162 0.222801368465825 0.188686562881262 0.158927336579028 0.129608381464916 0.100747171450253 0.0942590618121524 0.104286893628144 0.115742745416358 0.119123751039934 0.0917392568002503 0.0826539193007099 0.0898360627702026 0.086134796832194 0.0821663425858133 0.0867353891388451 0.088503371412812 0.0872787458952056 0.0849974703182744 0.0827142671168576 0.0823446494680527 0.0824139519933112 0.0830474626644764 0.0846851813323202 0.0873891128874907 0.0994237374957122 0.105874242251992 0.103650319539879 0.106797433616279 0.112094492274655 0.115724219984336 0.120095850595945 0.125871574412767 0.129894729335166 0.133030016984348 0.137791479674508
-9999 -9999 -9999 -9999 -9999 -9999 -9999 -9999 -9999 -9999 -9999 -9999 -9999 -9999 -9999 -9999 0.307673866977792 0.307717021420349 0.294990375651512 0.280444164596424 0.262158035652658 0.235113679950934 0.202729217401594 0.168904744504707 0.136998721815964 0.110899816500911 0.102330120300361 0.106700579312941 0.115372577638997 0.120663353742812 0.111421504476525 0.103829299345712 0.0977035855380001 0.093267404577449 0.0901647193452937 0.0922541348929609 0.0922580646947189 0.0900338982192624 0.0877619989722606 0.0856202704107468 0.0845245310056546 0.0836343557161668 0.0830084219798903 0.0829973383936525 0.0837956052800688 0.0922769562119569 0.0981687042521166 0.100037737334174 0.103007440911852 0.106438255984302 0.110248337575524 0.114678986982986 0.120284096083071 0.124542323788012 0.128118209180786 0.132518344252826
-9999 -9999 -9999 -9999 -9999 -9999 -9999 -9999 -9999 -9999 -9999 -9999 -9999 -9999 -9999 -9999 -9999 0.320588402539702 0.308059230192121 0.294074024819338 0.277176041512162 0.251246457360449 0.219810083438647 0.180006658616144 0.144567800890531 0.123290966236331 0.112330541104 0.108985744240075 0.113968164465064 0.120896010458374 0.131372764859325 0.125062611780284 0.103829328535325 0.100048348925552 0.0993750867768058 0.0985266258132133 0.0966615270404996 0.0937102703200648 0.0914104586013956 0.0893018175912601 0.0874129213744085 0.085732795147692 0.0843210314525144 0.0829558576751475 0.0819733932178704 0.0856179722702191 0.0905447192934638 0.0974631988297502 0.0997452595801822 0.10024026753155 0.10459186012413 0.109359418352574 0.114914215074629 0.119485882440463 0.123559487571195 0.128074755738548
-9999 -9999 -9999 -9999 -9999 -9999 -9999 -9999 -9999 -9999 -9999 -9999 -9999 -9999 -9999 -9999 -9999 -9999 0.323847548975905 0.32043046149856 0.301557395694451 0.271003659450454 0.233327930373363 0.188765437806038 0.150892855614876 0.13361878813744 0.118973911286862 0.106269916912739 0.116833941151991 0.12889297931203 0.136163858216744 0.131009216678427 0.114808606180573 0.110523138279437 0.108327507294658 0.10585143385215 0.103891183421659 0.102482029221402 0.098883178364304 0.0949285540840674 0.0923480714789538 0.0895502757007665 0.0864731355914086 0.0844321118002751 0.0829309080938354 0.084005375555247 0.0873953190106346 0.0943821459672899 0.0935975690826345 0.0899630312581125 0.0979000221276585 0.105306037319561 0.111707151008619 0.116424929854048 0.120289916023376 0.126712053640586
-9999 -9999 -9999 -9999 -9999 -9999 -9999 -9999 -9999 -9999 -9999 -9999 -9999 -9999 -9999 -9999 -9999 -9999 0.34709443970664 0.339109767369811 0.318202061651075 0.286650099997307 0.248608072993862 0.201102158293187 0.16075188589651 0.142825802768699 0.127052472705471 0.112868316381303 0.128957724540726 0.145861942486004 0.15231885789307 0.152217962990568 0.146287342930546 0.131237140756996 0.116928579541064 0.114644390692037 0.112563081018317 0.110698523885875 0.105275799152125 0.0992979091476211 0.0957220194604036 0.0919634338551551 0.0879700025279095 0.0855737485080569 0.0837563994801618 0.0827223410871996 0.0843882691213448 0.0902483829983037 0.0899596071148883 0.0874549166494322 0.0954765212414154 0.102952064512155 0.109394155846266 0.114091820266505 0.117905742214607 0.121684446644681
-9999 -9999 -9999 -9999 -9999 -9999 -9999 -9999 -9999 -9999 -9999 -9999 -9999 -9999 -9999 -9999 -9999 -9999 0.353570816593796 0.349530514103453 0.326524100464943 0.297874450032236 0.265783978953953 0.217287795847583 0.174412537755365 0.150827125670656 0.136674919722835 0.129486356616595 0.15104067076721 0.172482394937681 0.180698410558843 0.189844730642556 0.19981806753119 0.162965824268341 0.125151694116796 0.12501668674064 0.12278644812446 0.118317701316624 0.110506519552503 0.102314654863781 0.0974165275076059 0.0928659131025518 0.0887620078018334 0.0863554255123053 0.0844398685636242 0.0817938282983875 0.0815343505480001 0.0849821828093502 0.089021448237796 0.0933043189726075 0.0976446204367392 0.102426204795586 0.108042941992404 0.112541676945844 0.116474021838135 0.121089321878812
-9999 -9999 -9999 -9999 -9999 -9999 -9999 -9999 -9999 -9999 -9999 -9999 -9999 -9999 -9999 -9999 -9999 -9999 0.375501419842564 0.367898356360515 0.343978619700944 0.3170456095721 0.288275332296412 0.241877775639488 0.20128354749672 0.180733817042835 0.170383290667964 0.167561870881458 0.182693355929053 0.19782119450962 0.204936998882383 0.214789831591534 0.227075812287021 0.205816578567089 0.178780581479545 0.153073093065436 0.136599643685622 0.129991679138933 0.12376722043972 0.117575217497134 0.110922620229614 0.104822545516294 0.0994327086646579 0.0953998539379539 0.0918819066441846 0.0893197133527765 0.0873241185575901 0.0862086835171173 0.0906296606964394 0.0971606584005314 0.0982463083067752 0.100828669594892 0.106243641829789 0.111332472569196 0.116256077073442 0.121006114749116
-9999 -9999 -9999 -9999 -9999 -9999 -9999 -9999 -9999 -9999 -9999 -9999 -9999 -9999 -9999 -9999 -9999 -9999 0.412285850577375 0.39145100569278 0.367738751519585 0.340442232215292 0.31096029806628 0.266457330358739 0.228912006378632 0.214256876051471 0.208300291364574 0.208765019241083 0.215548454665746 0.222504295588308 0.227288296597018 0.23502942075211 0.245399351534194 0.246288407531964 0.236737028217901 0.1831312902854 0.151296304244767 0.142720806473272 0.1385943071179 0.134959620486089 0.12683098659406 0.119270539058444 0.112440464355121 0.106614160391161 0.101337540961432 0.0988924368285322 0.0952040033169956 0.0895841695489696 0.0933430650370179 0.100674241212747 0.0987067854151755 0.0992718259096332 0.104629758879129 0.110359981774868 0.116278810118707 0.116191916423792
-9999 -9999 -9999 -9999 -9999 -9999 -9999 -9999 -9999 -9999 -9999 -9999 -9999 -9999 -9999 -9999 -9999 -9999 0.438963205996185 0.438930886062277 0.421596781427431 0.380582928310751 0.325130948560415 0.275204399853814 0.237448771456018 0.23379690330423 0.232581620757032 0.233165038636506 0.239468360505883 0.244679971908348 0.243269789041973 0.243806029838303 0.246072591345054 0.24809757220349 0.241983086458046 0.195029283186154 0.165879127760078 0.155750076440761 0.150098038095144 0.14529588306771 0.138586401691893 0.131652528884173 0.124430213026367 0.118587797875377 0.113201923831593 0.107943902398841 0.102531871397469 0.09688060039627 0.0995589725186912 0.105357327996077 0.101046185532366 0.100028602718492 0.105244267831367 0.110520923816071 0.115828478328778 0.115999804651747
-9999 -9999 -9999 -9999 -9999 -9999 -9999 -9999 -9999 -9999 -9999 -9999 -9999 -9999 -9999 -9999 -9999 -9999 0.506925402226078 0.484116532705544 0.471468054907338 0.42794986204135 0.365609642597023 0.303872822903301 0.25638964317991 0.249941699701991 0.252902394344501 0.262808595588437 0.26728929803261 0.268593026003372 0.260459845584751 0.256220932531156 0.255443923277198 0.257673274954754 0.25549368970512 0.228343001902314 0.201775093016857 0.175829814872815 0.164877466913804 0.157724734335253 0.151208345489864 0.144103158124962 0.136241102106857 0.129415618009058 0.122926235767574 0.116446698898158 0.110678242617819 0.106014386016155 0.106362985307294 0.10856719590748 0.103919765779035 0.102695882500709 0.107951255277968 0.112017879172493 0.115482272117687 0.115480610419579
-9999 -9999 -9999 -9999 -9999 -9999 -9999 -9999 -9999 -9999 -9999 -9999 -9999 -9999 -9999 -9999 -9999 0.533751493736812 0.531209187303107 0.52633246313868 0.516178766473028 0.484670626987135 0.440142157075592 0.358327967637641 0.288797862980336 0.261691620376345 0.268096520790167 0.299239524856433 0.300159833123637 0.294754987383864 0.279214299142207 0.273345337737806 0.276074293412152 0.277302187964546 0.279702136417678 0.28937779688835 0.265259347032024 0.205035864303114 0.183897044793098 0.172862287192647 0.164951946727496 0.156642636021939 0.1478204706496 0.138760262160784 0.129880383848231 0.124239283784991 0.119884105735067 0.11752649176512 0.113928257004824 0.109870090734574 0.107484802772897 0.107836167358485 0.113366801679578 0.115244205147869 0.115270848782391 0.115366504832012
-9999 -9999 -9999 -9999 -9999 -9999 -9999 -9999 -9999 -9999 -9999 -9999 -9999 -9999 -9999 -9999 0.634138459043612 0.627690672982373 0.62493446693995 0.617800936524349 0.600479788550264 0.551606962579883 0.483496300415242 0.417967933350255 0.359053762821303 0.318751533729579 0.321808322992742 0.356872969754568 0.3666399857276 0.368270011021354 0.350809546215744 0.349105645330774 0.361408925615747 0.363405019941645 0.360872836179309 0.344860123871609 0.319241742800062 0.283360834231089 0.233553097067793 0.18576528662728 0.178265833592277 0.169496022572085 0.159093235065926 0.149897908220902 0.140914592127021 0.129683572363543 0.122149980915063 0.120360011485524 0.117740213525028 0.114857991961285 0.114682591051125 0.116726691629199 0.122971324312605 0.121177300091701 0.115310819484816 -9999
