layers/veg/veg_3800.asc
NCOLS 255 
NROWS 330 
XLLCORNER -2985163.8955 
YLLCORNER -3022031.214 
CELLSIZE 25000 
NODATA_value -9999 
[rows 150 to 174 of 330, columns 57 to 113 of 255]
-9999 -9999 -9999 -9999 -9999 -9999 -9999 -9999 -9999 -9999 -9999 -9999 -9999 -9999 -9999 -9999 -9999 -9999 -9999 -9999 0.497994838337628 0.510203067764978 0.453241808769978 0.358473403372556 0.184475277102456 0.0518266677304513 0.0315034726295474 0.0484059826946242 0.0900567568870068 0.0930235459040639 0.0906829306101217 0.0822682107609056 0.0731729952590004 0.0635316013993804 0.0303308958508568 0.000608196361998255 0.000200331058460462 0 0 0.0610481261830237 0.125028133619415 0.130864398943091 0.127291528497113 0.112801828783259 0.1504639231321 0.205367612170315 0.284056961156231 0.328694200434435 0.325722621340715 0.348049865212385 0.378139895127156 0.383996406457963 0.387190394468927 0.385871756930779 0.395331716188176 0.409496019575061 0.401582654125928
-9999 -9999 -9999 -9999 -9999 -9999 -9999 -9999 -9999 -9999 -9999 -9999 -9999 -9999 -9999 -9999 -9999 -9999 -9999 -9999 0.492427710577944 0.487691802261952 0.450407577329364 0.395332864140419 0.233647207137338 0.0969675912010297 0.0336819270989487 0.0329503078564922 0.0738056516417253 0.0763658540402751 0.0711044985870804 0.0515514988033373 0.0498970141105558 0.062608207639647 0.0342092498028884 0.00565598610595776 0.00186299977119467 0 0 0.0422649516397087 0.0882667663862156 0.104089506845457 0.126806822325164 0.157523480169098 0.1884112368316 0.221445767900866 0.27358845751444 0.305392400604899 0.308760405439459 0.343356627033276 0.387010708982125 0.391392022932808 0.397180697868517 0.405354663889008 0.407961109988396 0.408027755357416 0.40420276755543
-9999 -9999 -9999 -9999 -9999 -9999 -9999 -9999 -9999 -9999 -9999 -9999 -9999 -9999 -9999 -9999 -9999 -9999 -9999 -9999 -9999 0.470015973486778 0.451797369027473 0.423620711360735 0.267164872535756 0.126086547640671 0.0359818129772761 0.0212474871107264 0.0566206548690911 0.0633340636417165 0.0614278116851631 0.0399069522537348 0.0418209756359832 0.0625442680529899 0.0357318203996107 0.00747204304129648 0.00246118257992695 0 0 0.0271652395165329 0.05770361135016 0.0745775015142492 0.103716979786907 0.147087449569237 0.190403306877253 0.233177124115789 0.271155457399184 0.296499695737636 0.304179996755013 0.343449484823769 0.391547504087036 0.393956129343783 0.401077044310308 0.416184668268518 0.415528015753588 0.407811389490436 0.407373049093385
-9999 -9999 -9999 -9999 -9999 -9999 -9999 -9999 -9999 -9999 -9999 -9999 -9999 -9999 -9999 -9999 -9999 -9999 -9999 -9999 -9999 -9999 0.45859570188335 0.44093325775105 0.280638439736719 0.134690590863857 0.0384371825618838 0.0143499113058752 0.0382398808488675 0.0549449649767622 0.0644295581777892 0.0526828665276238 0.0532073105546059 0.0635807943292406 0.034237989140205 0.00515011130273485 0.00169637194980298 0 0 0.0167819215626445 0.0350767967819167 0.0415608303488182 0.0516829751551023 0.0660261919312438 0.146357415303658 0.23934273333721 0.279011309906022 0.306056743769496 0.315453552819417 0.349670575388205 0.390534916999093 0.390333853678614 0.397170541208555 0.415935287380908 0.41661278967458 0.409197984481514 0.411247779153646
-9999 -9999 -9999 -9999 -9999 -9999 -9999 -9999 -9999 -9999 -9999 -9999 -9999 -9999 -9999 -9999 -9999 -9999 -9999 -9999 -9999 -9999 0.45617708641265 0.45545905500991 0.306210316592536 0.165928100714504 0.0622335496976548 0.0241065838376272 0.0295700324080439 0.0529788967576252 0.0698349222107657 0.0604411738207605 0.0580221840786224 0.0612012642267112 0.0312641769964052 0.00323068478266567 0.00374308093794585 0.00278626138701331 0.000411220291859692 0.0252685334563202 0.0497159500091511 0.038088381948917 0.0604584602413299 0.122273872284627 0.202529872805647 0.281424855501898 0.300833684101342 0.312878853290501 0.314628768340458 0.345675389984011 0.385761148201691 0.398669689187224 0.411191742893269 0.423058751680524 0.422916547482364 0.417441624293643 0.423855901098061
-9999 -9999 -9999 -9999 -9999 -9999 -9999 -9999 -9999 -9999 -9999 -9999 -9999 -9999 -9999 -9999 -9999 -9999 -9999 -9999 -9999 -9999 0.465079929125608 0.468073245007714 0.338210164017255 0.210266954059919 0.0995670128887467 0.0435520180279262 0.0238924794047195 0.0515858471085464 0.0735665935883512 0.0636149435626495 0.0585499388354842 0.0574070457240837 0.0287528699126877 0.00306518639127133 0.00696615079067656 0.00619514739763713 0.000914332852202707 0.039163761422723 0.0753845756506731 0.0458345425485792 0.0887455756479101 0.215728632751855 0.285315018676684 0.332965631933536 0.327487585415963 0.320524994554576 0.311486837666991 0.340346510878979 0.382152829063861 0.411183161896237 0.430151277432155 0.432065262957532 0.430908982674651 0.428462020769826 0.439174800309015
-9999 -9999 -9999 -9999 -9999 -9999 -9999 -9999 -9999 -9999 -9999 -9999 -9999 -9999 -9999 -9999 -9999 -9999 -9999 -9999 -9999 -9999 0.462554628475285 0.461642347082434 0.401666371237829 0.326806784535041 0.219670993194608 0.116726298413593 0.0165679139032107 0.0316525955092435 0.0469279182245814 0.0299318668083688 0.0321175107911105 0.0496987371699867 0.03789197255101 0.0230590186877454 0.0135599177892456 0.00620356013231907 0.000915574475557706 0.0448211315491509 0.0891040290862905 0.0748169760082099 0.116324453951018 0.222566821914284 0.298131848056377 0.358452175255265 0.358324426838039 0.349320109826319 0.32790531529621 0.359266631197457 0.408029079143579 0.427785546103018 0.438799536966871 0.434996184937455 0.439015478404484 0.446557993885724 0.453256915929023
-9999 -9999 -9999 -9999 -9999 -9999 -9999 -9999 -9999 -9999 -9999 -9999 -9999 -9999 -9999 -9999 -9999 -9999 -9999 -9999 -9999 -9999 0.467881228059476 0.463789934937655 0.444046118502006 0.400647276309382 0.298667626096296 0.16582678263676 0.012468907778048 0.0173051029095471 0.0283953451949875 0.014508304337182 0.0178924788559491 0.0351388492797718 0.0346447965531192 0.0292791383129447 0.01422027490013 0.00475947691228439 0.000702444319865852 0.0440649491880794 0.0905183372377692 0.0966096376584943 0.138277373467473 0.221222212785328 0.299810512965512 0.370719819477044 0.38284242793715 0.38139627104546 0.360979398661843 0.386105467742972 0.426137997710841 0.439180294848475 0.446075118725922 0.442550786951417 0.449506926788589 0.461130716234029 0.464296467503377
-9999 -9999 -9999 -9999 -9999 -9999 -9999 -9999 -9999 -9999 -9999 -9999 -9999 -9999 -9999 -9999 -9999 -9999 -9999 -9999 -9999 -9999 0.473780937542566 0.478814058686918 0.45381756455156 0.408425777554917 0.314065306941395 0.177681657385173 0.0133603038336662 0.0115995792338676 0.0224040730829199 0.0273348248024864 0.0225540365188006 0.00997858716873292 0.0122342740761009 0.01418935235828 0.00570079738756645 0.00106817448644342 0.000157650328902987 0.0333860828563205 0.0728948238222008 0.107278692910522 0.151526129233668 0.207217643111954 0.284256842710896 0.362535934150284 0.397584278344701 0.418548680115196 0.419822088799607 0.425195692068909 0.432229742325932 0.442518085922191 0.451226971430279 0.457258883982182 0.463688238398966 0.470252465196764 0.470628736874235
-9999 -9999 -9999 -9999 -9999 -9999 -9999 -9999 -9999 -9999 -9999 -9999 -9999 -9999 -9999 -9999 -9999 -9999 -9999 -9999 -9999 -9999 0.487272011008534 0.48689580946429 0.463051764321039 0.421358887509103 0.336549459876164 0.194588234521092 0.0146315493333272 0.00574533667082737 0.0119372398308245 0.0179295367982314 0.0147477609116857 0.00420270500251645 0.00469668295413964 0.00567268209678717 0.00186849918836303 0 0 0.0295687930507016 0.0643589106050538 0.0934221462106303 0.137367829993498 0.19858068366496 0.263088414516726 0.327467566551592 0.382261392481017 0.418304085568542 0.428130509373472 0.435779808553615 0.442904213612887 0.454669269564837 0.46435092387497 0.470501487430759 0.465986960175825 0.456700738282379 0.452982892006499
-9999 -9999 -9999 -9999 -9999 -9999 -9999 -9999 -9999 -9999 -9999 -9999 -9999 -9999 -9999 -9999 -9999 -9999 -9999 -9999 -9999 -9999 0.457862958710021 0.488678690397609 0.47076004420577 0.435346850287938 0.360068916080129 0.21270514107819 0.0174175075527495 0.000698606860013018 0 0 0.00219548581697936 0.00615310903067147 0.00320249647641859 0 0 0 0 0.0282932224350357 0.0590269685620593 0.0691979022349261 0.111590823685336 0.19136889376687 0.240508001197164 0.284166283907136 0.356172828238647 0.40360778314176 0.416688792041313 0.435354759560203 0.455715169910465 0.470381870401566 0.480271805421779 0.482065753546634 0.462794993501364 0.434168283073061 0.426100890666506
-9999 -9999 -9999 -9999 -9999 -9999 -9999 -9999 -9999 -9999 -9999 -9999 -9999 -9999 -9999 -9999 -9999 -9999 -9999 -9999 -9999 -9999 0.433334917410185 0.42621589814114 0.434152778611298 0.413934600021631 0.320854874150643 0.202113566659973 0.0663120155280703 0.0250817539480954 0 0 0.000867561521738907 0.0024314439167816 0.00126548880204919 0 0 0 0 0.018460280061508 0.0368581118737729 0.0320727898414516 0.0702806990140749 0.158370954050206 0.247572741977182 0.332904376737258 0.380161823380452 0.415249559362684 0.433322621379933 0.455234662642294 0.477691147639531 0.485161478068976 0.480956153451849 0.456962134826635 0.43750090899609 0.420187031854287 0.417121728658795
-9999 -9999 -9999 -9999 -9999 -9999 -9999 -9999 -9999 -9999 -9999 -9999 -9999 -9999 -9999 -9999 -9999 -9999 -9999 -9999 -9999 -9999 0.376022846061379 0.379750030465137 0.405998946923861 0.396164430268919 0.29265039754864 0.195332527629394 0.102133969161525 0.0429096512153365 0 0 0 0 0 0 0 0 0 0.0117093902613105 0.0217671839998842 0.00760586998225198 0.0439734471074358 0.138966523024988 0.25664439559561 0.371594617229742 0.403777130955634 0.430574356244471 0.449842320607014 0.467534486646934 0.483686087073663 0.482478196921006 0.469210612241849 0.435503437332939 0.419355824227843 0.411190607792267 0.411406753993065
-9999 -9999 -9999 -9999 -9999 -9999 -9999 -9999 -9999 -9999 -9999 -9999 -9999 -9999 -9999 -9999 -9999 -9999 -9999 -9999 -9999 -9999 0.371147460494561 0.367334436732736 0.393775756040684 0.385257823546375 0.285193635138524 0.195732507720745 0.113320470515504 0.0483840680595377 0 0 0 0 0 0 0 0 0 0.0107666812578787 0.020014734053464 0.00699353048794958 0.0459393655684417 0.145179291662597 0.269498110788748 0.391349508110996 0.426688217919129 0.452839868564284 0.466146939686563 0.465549521963479 0.459564486465545 0.446885803076116 0.434040732130294 0.420913656241104 0.414683151756516 0.411588175778793 0.411843196211266
-9999 -9999 -9999 -9999 -9999 -9999 -9999 -9999 -9999 -9999 -9999 -9999 -9999 -9999 -9999 -9999 -9999 -9999 -9999 -9999 -9999 -9999 0.355209245376302 0.356258077900147 0.376045738294628 0.366903178379126 0.282588729519508 0.210296007800033 0.145995528999909 0.0641220888316134 0.000380444047799714 0.000117206773088568 0 0 0 0 0 0 0 0.00632058210758297 0.0117496531118894 0.0041055532909571 0.052035376608858 0.164444132477529 0.301258776371847 0.431674756717772 0.441505165346748 0.449784313743465 0.455894619525752 0.45098003896876 0.441963177535245 0.43066581993925 0.421898308373283 0.417418551864834 0.413873884669173 0.410773589533175 0.410805729299821
-9999 -9999 -9999 -9999 -9999 -9999 -9999 -9999 -9999 -9999 -9999 -9999 -9999 -9999 -9999 -9999 -9999 -9999 -9999 -9999 -9999 -9999 0.351362201151355 0.346461244908597 0.355537938827489 0.344791555633902 0.282431222274042 0.232003942942986 0.189509955181114 0.0850373290974548 0.000952793624534204 0.000293535585053509 0 0 0 0 0 0 0 0.000107285012971482 0.000199437593731619 6.96873057858085e-05 0.0602147100342223 0.19029276617704 0.342556582399418 0.48237621018969 0.452239225585338 0.433956176959755 0.432246312487805 0.430062608997659 0.427650867422188 0.424217767116884 0.421371511716495 0.419519880960909 0.4150134162501 0.409347562261169 0.409024785620208
-9999 -9999 -9999 -9999 -9999 -9999 -9999 -9999 -9999 -9999 -9999 -9999 -9999 -9999 -9999 -9999 -9999 -9999 -9999 -9999 -9999 -9999 0.34354399945864 0.343302039235356 0.346322482838317 0.333002128655328 0.277903827516622 0.218145630450827 0.155289457545617 0.110915448175437 0.0672750603635541 0.0207260247075856 0 0 0 0 0 0 0 0 0 0 0.0611468456455458 0.193238535804264 0.330718818635279 0.454777894297548 0.44288297353668 0.434823852315774 0.432127625939758 0.429449321259171 0.426682973038641 0.422229655181312 0.419492848003978 0.419665299833745 0.416607329125443 0.412113432227221 0.410615828983129
-9999 -9999 -9999 -9999 -9999 -9999 -9999 -9999 -9999 -9999 -9999 -9999 -9999 -9999 -9999 -9999 -9999 -9999 -9999 -9999 -9999 -9999 0.352498050526465 0.346811769139924 0.342950882239414 0.327174220299356 0.280984455760906 0.209977121394434 0.122470656377161 0.131942513435177 0.126239690951157 0.0439339881763072 0.00488377203108478 0.000551206992324452 0 0 0 0 0 0 0 0 0.056908737148764 0.179845107707496 0.311088041127325 0.431674355211357 0.434024505416529 0.434193947088834 0.431314504056062 0.427895193310827 0.424237490893047 0.419798523242362 0.417453461537976 0.41865729399736 0.417425767585923 0.415079802222638 0.41054796854889
-9999 -9999 -9999 -9999 -9999 -9999 -9999 -9999 -9999 -9999 -9999 -9999 -9999 -9999 -9999 -9999 -9999 -9999 -9999 -9999 -9999 -9999 0.359303838366984 0.364143300297561 0.352704417216647 0.334784633713098 0.301931540629383 0.216489742767012 0.0960861046877247 0.141488596639626 0.165412645846268 0.0727672178099694 0.021121861669666 0.00238391918564711 0 0 0 0 0 0 0 0 0.0409463346176716 0.129400129549392 0.275509791502056 0.422219264566758 0.427144018617305 0.429400289658944 0.427925710424634 0.423324284373438 0.417811640966202 0.416155224346068 0.415095632689776 0.415047580560708 0.416422738599147 0.418341079186888 0.406485566361481
-9999 -9999 -9999 -9999 -9999 -9999 -9999 -9999 -9999 -9999 -9999 -9999 -9999 -9999 -9999 -9999 -9999 -9999 -9999 -9999 -9999 -9999 0.471455645283711 0.384369578469084 0.352587523421333 0.324626815487241 0.301215522004794 0.224286152803371 0.111777082221602 0.158081540652621 0.184057031431466 0.0991648132799083 0.0411265435158722 0.00464174785632845 0 0 0 0 0 0 0.00455705652210852 0.0360100061931581 0.0814194388639781 0.143021702185606 0.277491691663201 0.417534992711694 0.42222525556733 0.425253615901242 0.425958442803961 0.422987112252203 0.418832524616692 0.417213024968434 0.415280903144219 0.412818928000812 0.411777151500311 0.411300182669389 0.400249816630054
-9999 -9999 -9999 -9999 -9999 -9999 -9999 -9999 -9999 -9999 -9999 -9999 -9999 -9999 -9999 -9999 -9999 -9999 -9999 -9999 -9999 0.52776419060437 0.477807442961799 0.40054498415972 0.346389817491836 0.303522636059979 0.287153653304159 0.232873458338225 0.153389262830761 0.179015799283244 0.190054512182667 0.124061903136718 0.0634516858130313 0.00716147532528223 0 0 0 0 0 0 0.0119215498065254 0.0942044673534994 0.156660406018657 0.196112346373088 0.302613033873532 0.41578984877639 0.418515039162413 0.421505525250224 0.424866925651118 0.425258191383052 0.424441069952461 0.421167002003783 0.417032884574882 0.411441096811592 0.404887516845114 0.397912491806895 0.392675146531335
-9999 -9999 -9999 -9999 -9999 -9999 -9999 -9999 -9999 -9999 -9999 -9999 -9999 -9999 -9999 -9999 -9999 -9999 -9999 -9999 0.472098525630793 0.468409488827138 0.435576926645935 0.386814890996547 0.35015568542471 0.309202059769756 0.256221955985803 0.198256695804246 0.136977221245991 0.128878617421066 0.114550145458894 0.0649583943841305 0.0287356993059894 0.00324325506718545 0 0 0 0 0 0 0.0199124790808311 0.157349045714729 0.250839158978605 0.293340962570474 0.330897939342228 0.366651879557628 0.398618678489397 0.419684167790783 0.425508355608537 0.425997882481126 0.42430905482924 0.418065042658318 0.411587578010004 0.404714442230428 0.396246459358161 0.387123077349085 0.386930418151518
-9999 -9999 -9999 -9999 -9999 -9999 -9999 -9999 -9999 -9999 -9999 -9999 -9999 -9999 -9999 -9999 -9999 -9999 -9999 -9999 -9999 0.418856983915326 0.400291281537403 0.371577806725773 0.349510597878927 0.311002180401927 0.230145888350748 0.165984206112524 0.112921376436291 0.0822514194515016 0.0518600753592861 0.0159769935162498 0 0 0 0 0 0 0 0 0.0253681926647823 0.20046026871428 0.31651293419962 0.364065879733688 0.344375501525992 0.315820557732328 0.378289714855209 0.417635099251154 0.424650754144876 0.424475961597361 0.421318602971207 0.411192802639238 0.402221288736443 0.395206137954473 0.386616896622006 0.377380800654885 0.376961235462169
-9999 -9999 -9999 -9999 -9999 -9999 -9999 -9999 -9999 -9999 -9999 -9999 -9999 -9999 -9999 -9999 -9999 -9999 -9999 -9999 -9999 -9999 0.394893577014096 0.357832082304502 0.334002917046477 0.296177103738668 0.221594655350697 0.149086841639686 0.0779582793551851 0.0599037377172834 0.0427123546558391 0.0131587740409619 0 0 0 0 0 0 0 0 0.0232873948231834 0.184017737707881 0.295103364414531 0.348589345007489 0.313932500286843 0.269384430888295 0.359887964354195 0.414540223744079 0.41906822327054 0.416643100757408 0.411102206194762 0.394687797923659 0.382809458711201 0.378619157749534 0.374442351299486 0.370187936096446 0.354278859776255
-9999 -9999 -9999 -9999 -9999 -9999 -9999 -9999 -9999 -9999 -9999 -9999 -9999 -9999 -9999 -9999 -9999 -9999 -9999 -9999 -9999 -9999 0.429189810663594 0.288657477726958 0.287552384116859 0.271054332144948 0.202505475643252 0.130144891549228 0.0552502079447803 0.038574733315825 0.0255883162078611 0.00788321959257513 0 0 0 0 0 0 0 0.0133188884884829 0.0489303127823612 0.199652525915357 0.297861797998291 0.33514360279498 0.313798067255142 0.286902116492182 0.35919955315342 0.402557252273056 0.405453825190068 0.400155946923016 0.391680728041896 0.379221237826488 0.370621869890035 0.368564899644102 0.358985340395029 0.346010743375686 0.332878567129616
