layers/veg/veg_1600.asc
NCOLS 255 
NROWS 330 
XLLCORNER -2985163.8955 
YLLCORNER -3022031.214 
CELLSIZE 25000 
NODATA_value -9999 
[rows 225 to 249 of 330, columns 56 to 111 of 255]
-9999 -9999 -9999 -9999 -9999 -9999 -9999 -9999 -9999 -9999 -9999 -9999 -9999 -9999 -9999 -9999 -9999 -9999 -9999 0.179206351723534 0.185850357959106 0.179090732411982 0.164158582009793 0.138972735214276 0.11056609460133 0.0747760577377369 0.047964013793311 0.0277795718768798 0.0236108540322112 0.0229113575320386 0.0280210293380196 0.0290979483029333 0.0265898534321567 0.0307735211847917 0.0361455724446872 0.0414342382893348 0.0455950644259277 0.0485509264625544 0.0563117659172743 0.065161167936827 0.0732631286940126 0.0819375147804432 0.091347722669489 0.0998791050052426 0.108311608494217 0.119077677283105 0.128892354853632 0.137229131817341 0.151617988530783 0.168187694690898 0.174390615946865 0.176709724540809 0.171678497996711 0.175173160537951 0.182987115700468 0.191042742143857
-9999 -9999 -9999 -9999 -9999 -9999 -9999 -9999 -9999 -9999 -9999 -9999 -9999 -9999 -9999 -9999 -9999 -9999 -9999 0.17547245830641 0.169801390487293 0.160469343246838 0.148905106566996 0.130469619437946 0.109134916876462 0.0807136137062213 0.0583941656108347 0.0405791393202699 0.0338605657468273 0.0302724610245864 0.0334212012708167 0.0364583794923946 0.0393963819356201 0.0435987031292956 0.0478009086993545 0.0508541612951134 0.0524285041830386 0.0524228059602421 0.0593630284952709 0.0676950553695129 0.0736074713306332 0.0805756058938464 0.0889008096242662 0.0975772589060898 0.106320831013417 0.114479144596805 0.123747751885255 0.1347411004881 0.145084915959113 0.155177641026969 0.165784819372811 0.174289182189501 0.178813847678386 0.176490315674388 0.170697424803065 0.17229237316578
-9999 -9999 -9999 -9999 -9999 -9999 -9999 -9999 -9999 -9999 -9999 -9999 -9999 -9999 -9999 -9999 -9999 -9999 -9999 0.201513419774055 0.194652135667531 0.186002971134639 0.176263691813512 0.146404098319627 0.116349084610728 0.0894866569969614 0.0668576694215332 0.047353829753449 0.0411397679950204 0.0372863600082769 0.0363202467087994 0.0391910492416878 0.0454727715327457 0.0522860832608148 0.0587400871364579 0.0628987596348032 0.066716591989279 0.0701702767310603 0.0711458388133957 0.0718864790758614 0.0754177292934609 0.0804265619937466 0.0873347470643348 0.0957359475698155 0.104483127446864 0.111506110292688 0.120225625576991 0.13158055127073 0.140020815399842 0.147344888847063 0.157347322588602 0.167456812342131 0.177768911653623 0.177133788595067 0.170952703545553 0.165164695743423
-9999 -9999 -9999 -9999 -9999 -9999 -9999 -9999 -9999 -9999 -9999 -9999 -9999 -9999 -9999 -9999 -9999 -9999 -9999 0.210906460954118 0.235025171402533 0.238655485493087 0.229793519044335 0.177347525207187 0.128873003255625 0.100001184357089 0.0741133081336661 0.0504281942317403 0.0465945590130397 0.0440870148288748 0.0376831639785997 0.0390814658228147 0.0474156812873923 0.0584321309437512 0.0692394196886352 0.0765553666918106 0.0855831346941003 0.096439782132687 0.0882913432868337 0.0770959193299681 0.0781283151003325 0.0810224288663817 0.0863096804297269 0.0941774849511698 0.102739437978348 0.109531415679661 0.117699983095109 0.128006958701214 0.135858920023395 0.142691903328806 0.149013191247291 0.157914810453393 0.171699852569315 0.177363503063235 0.178912783013945 0.16517537934593
-9999 -9999 -9999 -9999 -9999 -9999 -9999 -9999 -9999 -9999 -9999 -9999 -9999 -9999 -9999 -9999 -9999 -9999 0.236118746898705 0.235228978158653 0.232294355580776 0.22496500894555 0.214956090670929 0.173369040735503 0.134537201417629 0.109555258816027 0.0848885969831382 0.06045467708722 0.0536130629763326 0.0482144536273406 0.0403622851913643 0.0406006882414832 0.0480314018197661 0.0578726047431644 0.0673712150728902 0.0729522240717978 0.0825570332948705 0.0964607998794607 0.0980541907943616 0.0964399556478691 0.0936561371720407 0.0911264010751522 0.0889232741350089 0.0930310653588281 0.0992689083667866 0.10662109488909 0.11410232028392 0.121783995950238 0.129412111104236 0.136967027057612 0.142720915000426 0.15103864561563 0.16420859350371 0.171095107040256 0.174798375831394 0.165166083211948
-9999 -9999 -9999 -9999 -9999 -9999 -9999 -9999 -9999 -9999 -9999 -9999 -9999 -9999 -9999 -9999 -9999 -9999 0.238637345263068 0.234310706409976 0.22408531500891 0.213638506624872 0.203056694845783 0.172117132560861 0.142468284916943 0.120346581224185 0.0960352924970566 0.0701076404752668 0.0614583447984808 0.0543449420680568 0.0452644410892983 0.0439674446365235 0.0495897840606343 0.0569804795775856 0.0643061727053713 0.069697785183601 0.079262442998912 0.0932855090284417 0.102109714737015 0.108513938781474 0.106576300806858 0.102048411590643 0.0941908944903266 0.0940332990004629 0.0967302249707195 0.104004400035693 0.11057197071267 0.116041895086373 0.123111103304313 0.130778485562037 0.136474656086463 0.143968795588193 0.154865693075706 0.162575240068582 0.168670046436156 0.164166333873504
-9999 -9999 -9999 -9999 -9999 -9999 -9999 -9999 -9999 -9999 -9999 -9999 -9999 -9999 -9999 -9999 -9999 -9999 0.241599045222453 0.239808975774408 0.231040662495075 0.22207269134352 0.212982983863356 0.185584461958397 0.158333751109635 0.134928246973218 0.107580817615681 0.0773234381362274 0.0714084728114159 0.0668288462254832 0.0563866043684188 0.052399755399197 0.0541515851265866 0.0564208365926969 0.0601549654835485 0.0708085555936236 0.0794343267429164 0.0858936117935885 0.0909731886548732 0.0966681271582966 0.109413317733368 0.113508099191503 0.106483247564608 0.101214339857018 0.0972410135814526 0.102424572693991 0.107445735921233 0.112214631760683 0.117678213650453 0.123447357040473 0.129966191826955 0.135817423732398 0.140405179424701 0.148758150105846 0.159018612798208 0.160285390324013
-9999 -9999 -9999 -9999 -9999 -9999 -9999 -9999 -9999 -9999 -9999 -9999 -9999 -9999 -9999 -9999 -9999 -9999 0.249284879143984 0.24619931463047 0.238511001882939 0.228914050839152 0.218153355955758 0.189379850466286 0.162357879057705 0.143755529380142 0.118832133499892 0.0892425077607925 0.0840254757051866 0.0798470967337492 0.0686856479352581 0.0617334800563856 0.0585232549470941 0.058765973235138 0.060895637714737 0.0694075392380524 0.0759297952051214 0.0803263488673221 0.0843607502001398 0.0894977224911429 0.103417519676903 0.112230584785514 0.114479221993218 0.106680636735019 0.0971706491219854 0.10702733629647 0.113820898438638 0.11585617160708 0.119856509731681 0.124556208691758 0.125582803298805 0.127491208712876 0.131068490955985 0.138636639302513 0.148226596558407 0.154661543800479
-9999 -9999 -9999 -9999 -9999 -9999 -9999 -9999 -9999 -9999 -9999 -9999 -9999 -9999 -9999 -9999 -9999 -9999 0.253274258830755 0.25325281348113 0.246364183672602 0.234571312037282 0.21978820321293 0.185985166532155 0.157579215429534 0.148305032015561 0.129864735711979 0.104657966219685 0.0986250200356544 0.0932625776444238 0.081859578416816 0.0717373112905017 0.062753582151488 0.0632705085119279 0.0652729086437553 0.066139273174322 0.0696922349500622 0.0761155099523909 0.0811114958411579 0.0858029919511661 0.0908554511769834 0.101484298166915 0.119281290043244 0.110872201522947 0.09666825837924 0.116226207058333 0.127259352153791 0.125049982344625 0.127692923188661 0.131939299355085 0.122779185431744 0.119035016160661 0.125540828479179 0.131262403547125 0.136586676921861 0.147742031930582
-9999 -9999 -9999 -9999 -9999 -9999 -9999 -9999 -9999 -9999 -9999 -9999 -9999 -9999 -9999 -9999 -9999 0.284148660353622 0.271661668775846 0.260220733553911 0.25161582727814 0.23768454295136 0.220505634569022 0.188642755113955 0.161227834829332 0.149395130256934 0.136624323506358 0.123161004748419 0.10818441120937 0.0942156979154099 0.0846818380246909 0.0778529819998904 0.073428805028604 0.0711750155229253 0.0696021785532424 0.0694929959905117 0.0706030309007711 0.0730156563072796 0.0754130878487971 0.0782105721317576 0.0839827701378876 0.092674978298583 0.105120701591847 0.107591459050926 0.107416747682967 0.114558488261569 0.120286586024688 0.123818716939987 0.126216623960452 0.12799596097976 0.124348608283352 0.12396557583076 0.129760454075189 0.13201380221075 0.132472979120982 0.140709803720759
-9999 -9999 -9999 -9999 -9999 -9999 -9999 -9999 -9999 -9999 -9999 -9999 -9999 -9999 -9999 -9999 0.289372792461685 0.286052429024924 0.276808981143857 0.267282489145694 0.257310422881538 0.241294986864947 0.221594759270162 0.191208608734577 0.164277831796999 0.149317351248049 0.141055502324614 0.137738618823381 0.116102586225597 0.0956063580376694 0.0875246256120159 0.0827843949822627 0.08101467373962 0.0771091638365327 0.0734848546827379 0.0732189534636133 0.0722306442479259 0.0704705270393388 0.0701874783027344 0.071014749452353 0.0773263961076932 0.083638859224724 0.0899523718591017 0.102297182381423 0.11524496600509 0.111225924603695 0.11207584721898 0.120489267095917 0.122773388081776 0.122616981773281 0.124817643305701 0.12800137693907 0.133045630127746 0.13312445893502 0.130687758783682 0.13484711772966
-9999 -9999 -9999 -9999 -9999 -9999 -9999 -9999 -9999 -9999 -9999 -9999 -9999 -9999 -9999 -9999 0.292881458456007 0.29482034044132 0.284644354722697 0.274737211142283 0.265867039956165 0.247945658208397 0.224505530162408 0.190655219082756 0.161209338402894 0.146422039661382 0.138666891076232 0.136102913063066 0.120143155384785 0.104357289445728 0.0951883825578843 0.0850329971311695 0.0740006575865508 0.0740572434946206 0.075705913033889 0.0753137182001556 0.0732849031899381 0.0695075519791777 0.0678665791983556 0.0671001472564207 0.0688783557851245 0.0728601283219681 0.0796744632172698 0.0928362157022534 0.106908417371981 0.106596601053268 0.108551374198783 0.114027090022709 0.116182483228877 0.117016037188948 0.119134410815393 0.122529641934118 0.128341398078251 0.131865967378375 0.134231827110509 0.133445140475608
-9999 -9999 -9999 -9999 -9999 -9999 -9999 -9999 -9999 -9999 -9999 -9999 -9999 -9999 -9999 -9999 0.30857801302131 0.306095738375236 0.295531894686092 0.284768192217935 0.273824765287349 0.252756363693494 0.225514515347744 0.193168546839924 0.164125438484207 0.145570148171322 0.137529120540569 0.137249777431331 0.12973550574715 0.119646923808472 0.103176267650537 0.0896930368998455 0.0788655507088002 0.0781754690940049 0.0790683868893791 0.0787388739817874 0.0765524153878364 0.0723820286951763 0.0693320976301282 0.0667941638950073 0.0659836706446172 0.0675483792743551 0.0721662814644057 0.0834407312563891 0.0961504990310284 0.099823589753308 0.103641648346702 0.107684901476849 0.109701242352387 0.110906817598012 0.112761856125377 0.116329348691705 0.123137757386135 0.128637926607329 0.133475329863935 0.132466575139069
-9999 -9999 -9999 -9999 -9999 -9999 -9999 -9999 -9999 -9999 -9999 -9999 -9999 -9999 -9999 -9999 0.313863592714001 0.319304033096026 0.309151443913799 0.297105195569068 0.281246419649506 0.255920106615711 0.224821202717239 0.198426908555521 0.172398377858659 0.146547332141585 0.137510983728881 0.140887334118448 0.144297282991765 0.140789383606675 0.111454281454494 0.0965115664385599 0.0943633144223468 0.0887117278770354 0.0834525474222609 0.0833548693843301 0.0818010215490079 0.0786914275231763 0.0741868571726288 0.0697182731449148 0.0680598212626635 0.0671301527921077 0.0671372959829385 0.0741038602822353 0.0832252006587565 0.0911317529197369 0.0974919758163315 0.101450115256758 0.103318162244927 0.104342638528493 0.105772285716548 0.109476919358545 0.1174870935418 0.123646932568895 0.128869375049203 0.13186700790929
-9999 -9999 -9999 -9999 -9999 -9999 -9999 -9999 -9999 -9999 -9999 -9999 -9999 -9999 -9999 -9999 0.327780489022393 0.327801579143294 0.316629539050032 0.304241349682498 0.289445458386705 0.266120187468 0.23759434344369 0.208955215477902 0.181774640180752 0.158825816617686 0.148630006932985 0.147848539786119 0.14917895469938 0.1476442512907 0.134478178344419 0.120209763726469 0.104961395637445 0.0981796974161052 0.0932817644184738 0.090196098246572 0.0872446705719007 0.0844366609457703 0.0801210007320708 0.0756008819937339 0.0723252218521755 0.0699314700069897 0.0686713635810836 0.0721751818371005 0.0773435373003408 0.0840657445923885 0.0895608133058027 0.0931496327129232 0.095717026279901 0.0978849873354705 0.100701140976153 0.104581538638201 0.110476078306168 0.116376278159165 0.122279345513158 0.125192908528289
-9999 -9999 -9999 -9999 -9999 -9999 -9999 -9999 -9999 -9999 -9999 -9999 -9999 -9999 -9999 -9999 -9999 0.33409198559708 0.324482418683106 0.313631106346681 0.30025848278118 0.278946823043601 0.252794537161298 0.220289166106327 0.191088680076237 0.172615056042623 0.160931797192341 0.154261221963563 0.15267615384134 0.152849164237599 0.15731629896382 0.145911114402571 0.12039584511939 0.110626805031366 0.103824428420354 0.0976849325413539 0.093176670778322 0.0904111908435446 0.0863600680611235 0.0819417260610877 0.0771638260965641 0.0735477938756639 0.0714252798026087 0.0719911289805403 0.073670469450008 0.0784186900740773 0.0823587412244287 0.0850433738544383 0.0880816855044049 0.0912962787493577 0.0956199693993211 0.0997377108484721 0.103465681786243 0.108924282035386 0.115259634766288 0.118181313192868
-9999 -9999 -9999 -9999 -9999 -9999 -9999 -9999 -9999 -9999 -9999 -9999 -9999 -9999 -9999 -9999 -9999 -9999 0.339972657322884 0.339377987805326 0.323698334936466 0.298631888450087 0.267842082400254 0.23082708368417 0.199056746180999 0.183589204177119 0.16889621648467 0.154775008896241 0.15812268748047 0.162941054785386 0.165464145075369 0.166113989116901 0.165098565292282 0.139285748851276 0.112936970508577 0.106407840769602 0.101421228805112 0.0980826156905849 0.0931507147007562 0.0878660958040793 0.082890020243698 0.0783266360463027 0.0742937442766911 0.0738144191560213 0.0747142527225163 0.0785040410158638 0.0805407247857862 0.0798541185053214 0.0814067217550901 0.0839389069827238 0.0886998412725282 0.0933334608674566 0.0977261302011927 0.102670431308876 0.107894194068832 0.11510665258667
-9999 -9999 -9999 -9999 -9999 -9999 -9999 -9999 -9999 -9999 -9999 -9999 -9999 -9999 -9999 -9999 -9999 -9999 0.367083439189829 0.359561943466773 0.341951516346068 0.315843806699377 0.284555094338648 0.24381396372269 0.208813869248891 0.192152088729647 0.176215301015576 0.160813706838535 0.169080736554158 0.17827641266343 0.180392190869944 0.187338747802191 0.198579743112251 0.161884400491334 0.123157661401193 0.117723900248942 0.11184625103707 0.105494359632422 0.099458777705113 0.0935747521132736 0.0882300832709639 0.0829905931406838 0.0778863045564016 0.0754177443221346 0.0741660154474967 0.0774980884537126 0.079117675653283 0.0780770703222016 0.0781366556103224 0.0787915828966204 0.0845464646166158 0.0893683590896536 0.0924245224264512 0.0967220684250705 0.101648510122158 0.101762700879431
-9999 -9999 -9999 -9999 -9999 -9999 -9999 -9999 -9999 -9999 -9999 -9999 -9999 -9999 -9999 -9999 -9999 -9999 0.37567154472355 0.373761664545868 0.354625213941736 0.330395273724818 0.303059707276566 0.259435278657941 0.220495543701948 0.198121092392796 0.182840176287311 0.172795745521562 0.1859677162782 0.199252352435441 0.202613935501711 0.209662782951182 0.219989513859072 0.17796378306976 0.134570426867403 0.13182950356902 0.124616875165912 0.112626755707696 0.105247708550535 0.0990513579084994 0.0931547714963586 0.0875309643251679 0.0822578001156655 0.0767844454051748 0.0719051857770997 0.0753181823990675 0.0781195067184425 0.0799706531827663 0.0785293573573643 0.0760216846904628 0.0833693796525959 0.0880271346672699 0.0875940261837194 0.0911023295386789 0.0966073878245416 0.099668478884645
-9999 -9999 -9999 -9999 -9999 -9999 -9999 -9999 -9999 -9999 -9999 -9999 -9999 -9999 -9999 -9999 -9999 -9999 0.398257549921511 0.391422893050253 0.369966964868509 0.344734720694821 0.317199963530247 0.278402195021888 0.243844047908873 0.223627940878827 0.210726926417212 0.203225952118026 0.210200934657717 0.217137419666799 0.21748089195903 0.222912921768476 0.232868548689342 0.212474813232301 0.185953988976944 0.156091726422824 0.13470139280447 0.12236231899915 0.114362637046485 0.107682008933124 0.102801285305198 0.0975196938382777 0.0917228084442188 0.0856979261684497 0.080204348649554 0.0823259672090035 0.0834513087321695 0.0830290235713089 0.0807000510741492 0.0778330244461841 0.0834650062517206 0.0866230665619609 0.0850990905130725 0.0879259450018515 0.0929569696422317 0.0981452164515182
-9999 -9999 -9999 -9999 -9999 -9999 -9999 -9999 -9999 -9999 -9999 -9999 -9999 -9999 -9999 -9999 -9999 -9999 0.413655953768823 0.407587203683634 0.384515566727365 0.358338816288102 0.330268801580693 0.298229890545212 0.269943222775581 0.253229706226125 0.242490282860133 0.236160966792579 0.234884474145571 0.233715837462577 0.230698490533553 0.234218278550256 0.243549411856348 0.248282831005662 0.241614727221493 0.181608820001873 0.1450082124842 0.133413415356401 0.124478714758961 0.116741470294466 0.112972138197575 0.108052219943285 0.101653285410109 0.0955791536763048 0.0900710251040769 0.0903641391385105 0.0892846493644042 0.086072943145144 0.0832541032712351 0.0807474573914106 0.0835597498476953 0.0848274777754548 0.0831720299697381 0.0851223562174285 0.0888994002545459 0.0848286794955838
-9999 -9999 -9999 -9999 -9999 -9999 -9999 -9999 -9999 -9999 -9999 -9999 -9999 -9999 -9999 -9999 -9999 -9999 0.411844598753905 0.406053602629074 0.38812354533567 0.366833947867114 0.343495955901595 0.318231692033479 0.294769640420159 0.276869937990666 0.263425574593071 0.253270166117702 0.249169132136807 0.246303910175723 0.245352452217386 0.247970390267962 0.253761429815535 0.259251683336658 0.254375974727753 0.197483385423583 0.162014919535697 0.149435610152495 0.13585675627747 0.123099481372847 0.118217978544672 0.112443506637473 0.105521171273088 0.0985601252167491 0.0918801383920811 0.088895132457496 0.0870076839740379 0.0868251921810931 0.0853458463641201 0.0833342041487386 0.081262110676258 0.0802179347558307 0.0811191509434598 0.0805301033423584 0.0791860746100238 0.0807461677410294
-9999 -9999 -9999 -9999 -9999 -9999 -9999 -9999 -9999 -9999 -9999 -9999 -9999 -9999 -9999 -9999 -9999 -9999 0.43961658405531 0.416297985602255 0.401822873897177 0.383728460465125 0.363427269511786 0.340757477469499 0.318597983220512 0.298353883746257 0.282422283695853 0.269674193610823 0.26392038016094 0.260111092146988 0.260441208528933 0.262645860557859 0.266516926695155 0.272226276193715 0.270779149120381 0.231562179200128 0.198456985640245 0.171881506408269 0.150911361229044 0.132726636714862 0.124834201832987 0.117020059253303 0.10930655719385 0.102268325557516 0.0955401002342464 0.0899642844681457 0.0867208988883335 0.0871007336212111 0.0870874316955526 0.0867420911618125 0.0803848095761812 0.0773991466592764 0.0807944627775228 0.0785348220302895 0.0734103289235879 0.0731475541482075
-9999 -9999 -9999 -9999 -9999 -9999 -9999 -9999 -9999 -9999 -9999 -9999 -9999 -9999 -9999 -9999 -9999 0.466380323732128 0.454320879810536 0.441788099509455 0.428584710081821 0.411495351793345 0.39203662245558 0.366550373818437 0.341134391807741 0.317046676429151 0.298909640680047 0.285165428219556 0.279275594541393 0.275496321064545 0.276092774391763 0.278516550361901 0.28256476929081 0.287797152108361 0.291896529039195 0.28920500283998 0.260056689421238 0.202642410039166 0.170725006159815 0.146585457994825 0.133224284684124 0.121836424929326 0.11298515302913 0.10691786990003 0.101595848909701 0.0943188955514016 0.0890102553021921 0.0867592122666159 0.0883757636516203 0.091212883623621 0.0813460312674668 0.0768983586263651 0.0827067901141823 0.0799011287115103 0.0727314898410978 0.0728494328940827
-9999 -9999 -9999 -9999 -9999 -9999 -9999 -9999 -9999 -9999 -9999 -9999 -9999 -9999 -9999 -9999 0.495883710806173 0.493988728451103 0.485384675973671 0.476012207075721 0.465105879984137 0.449969181139073 0.432253120307496 0.405068676259501 0.376647833244294 0.346425584936053 0.324630575818811 0.309056599404039 0.303111608936774 0.299668805517502 0.301272359342759 0.303841877916027 0.307270114373301 0.31190626257482 0.316812671676341 0.321985249723323 0.294172383286014 0.231118448334152 0.197232102778068 0.171804906060139 0.155477873322487 0.141804100322508 0.131540949220682 0.123000317878176 0.114515056663829 0.0997136270677355 0.0895737435715981 0.0866751522766986 0.0901068580253178 0.0957619588437763 0.0885471261694054 0.0853077682127347 0.0895922210190409 0.0836896392416801 0.0726262134902197 -9999
