layers/veg/veg_5900.asc
NCOLS 255 
NROWS 330 
XLLCORNER -2985163.8955 
YLLCORNER -3022031.214 
CELLSIZE 25000 
NODATA_value -9999 
[rows 75 to 99 of 330, columns 0 to 56 of 255]
-9999 -9999 -9999 -9999 -9999 -9999 -9999 -9999 -9999 -9999 -9999 -9999 -9999 -9999 -9999 -9999 -9999 -9999 -9999 -9999 -9999 -9999 -9999 -9999 -9999 0.553833326709584 0.554804092108074 0.555774857506564 0.561470419298728 0.566065800744074 0.555292010535061 0.533109100064848 0.49665632971723 0.398651571167872 0.2927283532242 0.315814609805379 0.357671474558741 0.427875099394896 0.531837718921768 0.646125410210077 0.675209020648497 0.700359679015688 0.718284762708042 0.734321444505518 0.74943007286581 0.763019997352495 0.775487918559552 0.785457577312731 0.799162397724827 0.815112423601061 0.82270414452944 0.82955829682113 0.835764022362122 0.842580761197754 0.849842411304832 0.861851307678556 0.873795067955217
-9999 -9999 -9999 -9999 -9999 -9999 -9999 -9999 -9999 -9999 -9999 -9999 -9999 -9999 -9999 -9999 -9999 -9999 -9999 -9999 -9999 -9999 -9999 -9999 -9999 0.535747669837779 0.546496039089247 0.557244408340716 0.563944580566368 0.568656547017164 0.566256887753376 0.551533901858515 0.521397620264868 0.417241548508916 0.302036352006197 0.324498842074148 0.372735837230217 0.459896649093959 0.561657881852699 0.666484549059637 0.695202711240693 0.718584982744897 0.732164216773921 0.747061100372191 0.762605541683178 0.768684387448821 0.77576189293421 0.785347307646823 0.795236851310854 0.805309206870563 0.811412718806427 0.817593995380897 0.824681552426866 0.830264738908413 0.834752513184673 0.846149287260287 0.858087280483238
-9999 -9999 -9999 -9999 -9999 -9999 -9999 -9999 -9999 -9999 -9999 -9999 -9999 -9999 -9999 -9999 -9999 -9999 -9999 -9999 -9999 -9999 -9999 -9999 -9999 0.550696069024362 0.555946520913503 0.561196972802644 0.568053931439645 0.574089215016487 0.571801597019087 0.562887733168482 0.545686148821143 0.440107767654592 0.319426472859179 0.341247079657636 0.396657088969721 0.502792718125554 0.600279314860954 0.691893271403004 0.714838646198503 0.73337181704266 0.743798937125541 0.756350571199109 0.769946295790033 0.775311682251105 0.781699808893735 0.790617856018827 0.796441333842161 0.800404666231397 0.806370930412918 0.812426651477555 0.81839012358322 0.823781248337294 0.828755616549183 0.839092188096888 0.849564614803379
-9999 -9999 -9999 -9999 -9999 -9999 -9999 -9999 -9999 -9999 -9999 -9999 -9999 -9999 -9999 -9999 -9999 -9999 -9999 -9999 -9999 -9999 -9999 -9999 -9999 0.584881745902469 0.575738629135896 0.566595512369323 0.573115529789475 0.58117686711248 0.574189888681865 0.57012380726138 0.569711012868869 0.465464242641888 0.341523191846568 0.362691365140026 0.425736121945157 0.552021528973413 0.644026139562446 0.720242602666002 0.73426624329819 0.746156269581135 0.754126443923718 0.763630837719431 0.773889222305308 0.782499721552527 0.790936103257172 0.799021906695843 0.800633272446422 0.79835285406503 0.804968598481144 0.81121749422146 0.81488874231193 0.820694314099124 0.828054000466008 0.837069431386238 0.845226181992716
-9999 -9999 -9999 -9999 -9999 -9999 -9999 -9999 -9999 -9999 -9999 -9999 -9999 -9999 -9999 -9999 -9999 -9999 -9999 -9999 -9999 -9999 -9999 -9999 -9999 0.581350616893838 0.581767501740381 0.582184386586925 0.582350267308082 0.580903556604898 0.568710599009754 0.532417982090008 0.465982921775678 0.408299702366258 0.362863048370747 0.426360835115277 0.502126245233255 0.596417819946612 0.672684854571945 0.739797788644537 0.750296205709854 0.758428200303364 0.762212630529812 0.766938467387479 0.772126957699509 0.778123661100052 0.784142741155631 0.790191201060748 0.793603620465619 0.795431516073317 0.80170059855473 0.806796497999172 0.807796890318337 0.812073359551188 0.818735314595566 0.82641019713343 0.833054423041286
-9999 -9999 -9999 -9999 -9999 -9999 -9999 -9999 -9999 -9999 -9999 -9999 -9999 -9999 -9999 -9999 -9999 -9999 -9999 -9999 -9999 -9999 -9999 -9999 -9999 -9999 -9999 0.595586341841256 0.595586341841256 0.55406025656515 0.554671768929251 0.501020821811255 0.379501566209736 0.359991783086068 0.378680849479773 0.470558788529651 0.554165020839055 0.62527959148803 0.689602917255882 0.749447940744959 0.759101141909163 0.765529642577467 0.766033760284799 0.767286258604379 0.768906547912416 0.772427810581922 0.776088848585908 0.780016125295027 0.784614033633053 0.789615058605682 0.795438617928915 0.799790880530029 0.79982707671373 0.803060854354234 0.808622961089988 0.814477954914518 0.819258216497185
-9999 -9999 -9999 -9999 -9999 -9999 -9999 -9999 -9999 -9999 -9999 -9999 -9999 -9999 -9999 -9999 -9999 -9999 -9999 -9999 -9999 -9999 -9999 -9999 -9999 -9999 -9999 -9999 -9999 0.553925489301593 0.553469713767368 0.493312127468399 0.358483010452259 0.347732144007013 0.379526902058485 0.455511485190328 0.532900872036264 0.612411747620421 0.67662636815029 0.733311826054291 0.748663148720284 0.758584332836548 0.758529328360838 0.76012184393156 0.762524031768586 0.764789827268159 0.76689651620032 0.768646861706639 0.771884870864173 0.776017114559195 0.781268344822731 0.786188408619522 0.789975657873785 0.793774471143617 0.797581704788121 0.800310538141914 0.802151625296879
-9999 -9999 -9999 -9999 -9999 -9999 -9999 -9999 -9999 -9999 -9999 -9999 -9999 -9999 -9999 -9999 -9999 -9999 -9999 -9999 -9999 -9999 -9999 -9999 -9999 -9999 -9999 -9999 -9999 0.611647434857406 0.551821975283804 0.473606282636548 0.37238916279194 0.359623252842064 0.380105629450257 0.465497196451451 0.542606800210593 0.607209253275235 0.664230159103284 0.717023537468374 0.735429428211551 0.74749478198961 0.747911373593533 0.749244942375264 0.751029158778134 0.75259237732623 0.75428537947122 0.756277783543421 0.760377530193135 0.765744000348257 0.770105690266856 0.774678360181235 0.780023153659447 0.783209202213511 0.784823353793562 0.78530054946884 0.784974850760866
-9999 -9999 -9999 -9999 -9999 -9999 -9999 -9999 -9999 -9999 -9999 -9999 -9999 -9999 -9999 -9999 -9999 -9999 -9999 -9999 -9999 -9999 -9999 -9999 -9999 -9999 -9999 -9999 -9999 0.607305326342171 0.513092584952581 0.445426538516514 0.410963544421232 0.388572662791711 0.380495538112663 0.493164376724599 0.574187698903305 0.607420994578864 0.652243859327138 0.700627764504076 0.720221012814445 0.733478045908932 0.735094256697674 0.735745814817206 0.735923295237611 0.737174457569378 0.739259452353393 0.743202510353163 0.749733194234316 0.757819299887953 0.761067394884101 0.764646244839485 0.769999250217191 0.771740623051697 0.770852174177116 0.769695430357567 0.767748503910239
-9999 -9999 -9999 -9999 -9999 -9999 -9999 -9999 -9999 -9999 -9999 -9999 -9999 -9999 -9999 -9999 -9999 -9999 -9999 -9999 -9999 -9999 -9999 -9999 -9999 -9999 -9999 0.589961695248184 0.595038130971578 0.593268482969303 0.535793676051327 0.490940614556599 0.461874093520254 0.435924006436926 0.419579314116839 0.502049414227 0.567018298813064 0.605557418680369 0.649639959881392 0.694470014720472 0.698728573593066 0.705083144928509 0.715288486447622 0.722592795029973 0.728471393547299 0.731581783027456 0.73467906905761 0.737819462468554 0.741510489928397 0.745532503484216 0.746474675426127 0.747363525311835 0.748633185816159 0.749912606547872 0.751199134220163 0.74958313515469 0.747312633594133
-9999 -9999 -9999 -9999 -9999 -9999 -9999 -9999 -9999 -9999 -9999 -9999 -9999 -9999 -9999 -9999 -9999 -9999 -9999 -9999 -9999 -9999 -9999 -9999 -9999 0.566047731215471 0.575875390713384 0.585703050211298 0.585547504552132 0.580078899885034 0.554235618891219 0.529157732953206 0.505037158354464 0.47537797932165 0.450951981949913 0.506184103259992 0.557850560042448 0.604132266582766 0.646946094776706 0.686786864506421 0.681754430181627 0.684312448575622 0.700815560106308 0.712957809390003 0.72295691678829 0.726861209670632 0.730027315168519 0.731683681506112 0.732290194678898 0.732265641173073 0.731173193975958 0.729746379313991 0.72755548024239 0.728110586022596 0.730665203958641 0.728400529984205 0.725625462407406
-9999 -9999 -9999 -9999 -9999 -9999 -9999 -9999 -9999 -9999 -9999 -9999 -9999 -9999 -9999 -9999 -9999 -9999 -9999 -9999 -9999 -9999 -9999 -9999 -9999 0.569287432129732 0.572760042243427 0.576232652357121 0.577583271986761 0.573458989726743 0.53493475881368 0.514436000584577 0.516482448605844 0.480335345664879 0.440940419941033 0.500660645512216 0.556082683517318 0.605013738885688 0.640450880693278 0.669957123103117 0.682939670855585 0.695586519918271 0.707616627178023 0.715515408244791 0.72138385271641 0.721544178170717 0.721244300436468 0.720053371619656 0.718676225682115 0.717187144643727 0.715453303339354 0.713652114784838 0.711702152335306 0.71024891611414 0.709157372674066 0.70514413749342 0.700748445656914
-9999 -9999 -9999 -9999 -9999 -9999 -9999 -9999 -9999 -9999 -9999 -9999 -9999 -9999 -9999 -9999 -9999 -9999 -9999 -9999 -9999 -9999 -9999 -9999 -9999 0.568718500701644 0.568320974862218 0.567923449022792 0.57717693643021 0.580884907719633 0.530377105718233 0.507333046148148 0.518639028231731 0.49031519531231 0.456843526873879 0.505866124138435 0.555789378432845 0.607072775590394 0.641629679320691 0.66914980768347 0.685018473147963 0.698391404622438 0.707179202083884 0.711747380872365 0.714241831804681 0.712085793027399 0.70963366026924 0.706633926217665 0.703973336538951 0.701516606523785 0.699198032919091 0.696951235745643 0.694884194896207 0.691919867037085 0.688302176791526 0.684016002354638 0.679338755740533
-9999 -9999 -9999 -9999 -9999 -9999 -9999 -9999 -9999 -9999 -9999 -9999 -9999 -9999 -9999 -9999 -9999 -9999 -9999 -9999 -9999 -9999 -9999 -9999 -9999 0.564906958061988 0.562754913485066 0.560602868908144 0.583205278567322 0.600269228557644 0.538371593117687 0.506716602490588 0.512887341974267 0.504571110278786 0.49480998581898 0.520206054779797 0.55675150087614 0.610134372581404 0.649342014771071 0.681983740213491 0.687858040109036 0.693985753607142 0.700579035684723 0.702593812266024 0.702358486379994 0.699101522855524 0.695615623137946 0.691691238255036 0.688343357470121 0.685342013266246 0.682486948355352 0.679733894408553 0.677244966655844 0.673192898498153 0.668002624689083 0.66469983291125 0.660881094756281
-9999 -9999 -9999 -9999 -9999 -9999 -9999 -9999 -9999 -9999 -9999 -9999 -9999 -9999 -9999 -9999 -9999 -9999 -9999 -9999 -9999 -9999 -9999 -9999 -9999 0.569571978399347 0.577334563394671 0.585097148389995 0.600584976485848 0.608086155370079 0.547641616861236 0.504074654940704 0.481617178017397 0.481236051184977 0.490190353043221 0.527214507425274 0.565007431229501 0.603961325534497 0.632137016768092 0.655637212655507 0.66767165352104 0.677206757138612 0.682150106878774 0.680818536681575 0.676403162643835 0.674741665999377 0.672750524925642 0.669941295323113 0.667498751514402 0.665276622515835 0.661579114090026 0.658034798624143 0.655179970990494 0.651598493289302 0.647487903033145 0.642997933708868 0.638178445680669
-9999 -9999 -9999 -9999 -9999 -9999 -9999 -9999 -9999 -9999 -9999 -9999 -9999 -9999 -9999 -9999 -9999 -9999 -9999 -9999 -9999 -9999 -9999 -9999 -9999 0.575305575191528 0.592136087293164 0.608966599394799 0.616448088448159 0.614542201705071 0.563028339096202 0.513943545483382 0.467896889203906 0.464335892017442 0.477860213636744 0.535326047934183 0.579017419417625 0.601907046542226 0.613219519932147 0.620388243000165 0.63987016816956 0.65395095750237 0.65810884169691 0.654371151551351 0.646753188395723 0.648955647935266 0.649950299429772 0.647954585284606 0.64615081683953 0.644462426944037 0.64014647842508 0.636063623820329 0.633095983804069 0.629862683588657 0.626435942055334 0.620972714108761 0.615576847736086
-9999 -9999 -9999 -9999 -9999 -9999 -9999 -9999 -9999 -9999 -9999 -9999 -9999 -9999 -9999 -9999 -9999 -9999 -9999 -9999 -9999 -9999 -9999 -9999 -9999 0.579484877483691 0.592406620883209 0.605328364282728 0.616447940087474 0.623574389134439 0.606028977820945 0.583874222323448 0.555954368893189 0.506573093258628 0.462388416774434 0.554260949582463 0.614294879082064 0.626247188578927 0.605550810454506 0.573792686829352 0.594257246628691 0.609973785243806 0.616967313508684 0.615832469266314 0.610702943561004 0.625292313342237 0.634290315081342 0.63012140816336 0.626479295431998 0.623153838656732 0.619503251907609 0.616283752294122 0.614343386256864 0.6096816393733 0.603038310381726 0.599279423858851 0.596728214338836
-9999 -9999 -9999 -9999 -9999 -9999 -9999 -9999 -9999 -9999 -9999 -9999 -9999 -9999 -9999 -9999 -9999 -9999 -9999 -9999 -9999 -9999 -9999 -9999 -9999 0.581367004209102 0.592766247725651 0.604165491242201 0.615412525360253 0.625403284536281 0.626951138042433 0.618707582300973 0.598217504937606 0.531269480745254 0.462786152569268 0.542508067813151 0.600373091721327 0.625230551401132 0.604542527498762 0.567318842086169 0.571980271708177 0.57523482836657 0.575904694066999 0.583031019512996 0.593330366377343 0.606905018945607 0.615232282601453 0.611602925516793 0.608162432479619 0.604835465610818 0.601342085417922 0.598641299637356 0.598217797337546 0.595926970828409 0.592276446264485 0.589319580374058 0.587229348700397
-9999 -9999 -9999 -9999 -9999 -9999 -9999 -9999 -9999 -9999 -9999 -9999 -9999 -9999 -9999 -9999 -9999 -9999 -9999 -9999 -9999 -9999 -9999 -9999 -9999 0.580898205124313 0.59321705246046 0.605535899796607 0.613317620685138 0.619860342368976 0.625278218586743 0.617622404194126 0.593614782754196 0.538014627419323 0.479424742767851 0.499349357452248 0.536100873445393 0.598263826828339 0.610350514419772 0.601905492809567 0.573585267329765 0.549950246372331 0.534922829710639 0.556101044379705 0.595072484470225 0.593917215668804 0.592696693084929 0.592383102288919 0.591231924829078 0.589577274072485 0.585721055200896 0.58318627804163 0.584780684856989 0.588749044892308 0.59444600650587 0.591367727589648 0.587299020470107
-9999 -9999 -9999 -9999 -9999 -9999 -9999 -9999 -9999 -9999 -9999 -9999 -9999 -9999 -9999 -9999 -9999 -9999 -9999 -9999 -9999 -9999 -9999 -9999 -9999 0.605189051401965 0.605249371928209 0.605309692454452 0.612377328518947 0.620703992416822 0.626238891432041 0.624603578319791 0.614000183531848 0.55302666960541 0.483932597205247 0.501634404846664 0.52570712267963 0.559400981237085 0.560265856696346 0.548449170663527 0.545435546317184 0.541730304093368 0.536754429395617 0.550541492054746 0.573549583644697 0.573565058046138 0.573106431408442 0.572179558492288 0.574085104609892 0.57769321765017 0.578867771389436 0.580366648625724 0.583206036402748 0.586086252172477 0.588996196974788 0.586944151220006 0.583952923193616
-9999 -9999 -9999 -9999 -9999 -9999 -9999 -9999 -9999 -9999 -9999 -9999 -9999 -9999 -9999 -9999 -9999 -9999 -9999 -9999 -9999 -9999 -9999 -9999 -9999 -9999 -9999 0.602251075609093 0.611276154885288 0.621781554070185 0.627713944618859 0.63246281484038 0.635731407104978 0.571685028391583 0.495032287878037 0.514299441519495 0.523404953790978 0.517164686782443 0.501281365430851 0.483239660721694 0.511713769946161 0.533840875271669 0.544307337445969 0.549377990674794 0.551796878380713 0.555373187754003 0.557314746629139 0.555527786197269 0.560130765239842 0.56857473654289 0.574597808561495 0.580018389726474 0.584147988438627 0.584609469900074 0.582400000133232 0.581195859851748 0.579526341371967
-9999 -9999 -9999 -9999 -9999 -9999 -9999 -9999 -9999 -9999 -9999 -9999 -9999 -9999 -9999 -9999 -9999 -9999 -9999 -9999 -9999 -9999 -9999 -9999 -9999 -9999 -9999 -9999 0.607319056625252 0.614564707191948 0.628558842567456 0.633735856091671 0.627884929646859 0.601929161166869 0.568861135583645 0.526132822089225 0.491976440827796 0.470765111970935 0.469135518785781 0.475434905017075 0.48671046780998 0.501823169492685 0.523985418966425 0.54458374639381 0.56441348571792 0.562968831913004 0.562337820643756 0.56410651664186 0.567823931873613 0.572712722127653 0.574043900365317 0.576670069881392 0.583584659068435 0.584082806835505 0.579908802400073 0.576590918987422 0.573157569690458
-9999 -9999 -9999 -9999 -9999 -9999 -9999 -9999 -9999 -9999 -9999 -9999 -9999 -9999 -9999 -9999 -9999 -9999 -9999 -9999 -9999 -9999 -9999 -9999 -9999 -9999 -9999 -9999 -9999 0.610583171493988 0.629024972914992 0.633604647463853 0.620846385034264 0.613048380775284 0.600983764366387 0.522387295245174 0.466172592936213 0.443758104676582 0.451031841600258 0.469535810251451 0.473402922796537 0.484941395226544 0.510573602515803 0.540859753245891 0.573433080354286 0.569287442832048 0.566923989296149 0.569557149408001 0.571625249908642 0.573353693108606 0.575422919199108 0.57852862720682 0.584515885507993 0.584257238452055 0.579450615569516 0.575573040393437 0.571839058557326
-9999 -9999 -9999 -9999 -9999 -9999 -9999 -9999 -9999 -9999 -9999 -9999 -9999 -9999 -9999 -9999 -9999 -9999 -9999 -9999 -9999 -9999 -9999 -9999 -9999 -9999 -9999 -9999 -9999 0.610583171493988 0.629024972914992 0.631745298724936 0.614802122976503 0.600631526030625 0.581780634909639 0.499469586021463 0.447290739104482 0.44061656056098 0.450209160233889 0.46598191711684 0.474488761264337 0.486686655048399 0.50566570311416 0.53845286465288 0.578026011317085 0.574034472796723 0.570972480365335 0.571158188772003 0.5706370644729 0.569691063073916 0.579180694678719 0.586795027912406 0.587286387052026 0.585294472236614 0.581494353602448 0.578969579975745 0.576735650558617
-9999 -9999 -9999 -9999 -9999 -9999 -9999 -9999 -9999 -9999 -9999 -9999 -9999 -9999 -9999 -9999 -9999 -9999 -9999 -9999 -9999 -9999 -9999 -9999 -9999 -9999 -9999 -9999 -9999 -9999 -9999 -9999 0.609130355919276 0.605520607795727 0.596267037738322 0.535299798998422 0.488565338530357 0.463324755473318 0.459958875816338 0.465706863915096 0.484204126529831 0.498670585329163 0.505731697345638 0.535497413763081 0.576421287885899 0.575977214452163 0.573435943943377 0.567237601719827 0.560940289044774 0.554583485236863 0.565806831769282 0.57728593486004 0.58645340835279 0.588813757362683 0.586217477056787 0.58257518618663 0.578940487335976
