layers/veg/veg_1200.asc
NCOLS 255 
NROWS 330 
XLLCORNER -2985163.8955 
YLLCORNER -3022031.214 
CELLSIZE 25000 
NODATA_value -9999 
[rows 200 to 224 of 330, columns 114 to 170 of 255]
0.257156948593575 0.247175469519097 0.235527134582191 0.221811479385944 0.20704824806696 0.192688586729439 0.180322942839101 0.172598149434046 0.162437649633124 0.150770116840268 0.133983049002582 0.117258420588937 0.101749892226937 0.0878813405289957 0.0752406470048843 0.0771916006188025 0.0809969117638346 0.084987642168343 0.0905352040851511 0.0974860637079712 0.100088540793393 0.102786214042474 0.110135526242318 0.126877782827529 0.153795100842158 0.186436482155355 0.221493119842093 0.263911592990837 0.303925756369188 0.340805585614465 0.379703299528506 0.419210933073177 0.457988107278101 0.498383977654662 0.541331125723059 0.568499151236114 0.587844643039587 0.556530422589185 0.523019976571463 0.485288936350939 0.473207108788006 0.474321560450871 0.474488348696509 -9999 -9999 -9999 -9999 -9999 -9999 -9999 -9999 -9999 -9999 -9999 -9999 -9999 -9999
0.258578041838441 0.248117090001095 0.236961127760512 0.22361811766812 0.209166861720501 0.19558511393523 0.181158002088089 0.16471812258919 0.153500036377318 0.145512805400697 0.130562403707663 0.115221164838086 0.100135353705078 0.0923909478253519 0.0901430862838452 0.0847443007901471 0.0811063695959569 0.0856625855075295 0.0943207338289451 0.106676284403252 0.110052206870421 0.112600457755218 0.11945579987841 0.136565538511788 0.164783520751431 0.193459881385194 0.224425825039443 0.271944681432267 0.312958519951866 0.345492211775153 0.379931801854949 0.414927472431567 0.448968251927258 0.481716299703397 0.512426832561416 0.539802138220838 0.56438782799457 0.532517483202437 0.499883274409505 0.465781110766451 0.450598638820072 0.445150170713433 -9999 -9999 -9999 -9999 -9999 -9999 -9999 -9999 -9999 -9999 -9999 -9999 -9999 -9999 -9999
0.265550876382371 0.250076695823857 0.238440338503821 0.227339133007939 0.216509105753789 0.197842398307642 0.179766348283229 0.16341117468364 0.152879206758005 0.145950203083057 0.1296470040827 0.113699346255751 0.100687538924171 0.0932255230854022 0.0899186620100166 0.0824343850925189 0.0786040780281735 0.0906643710528111 0.100180907722033 0.10740455178855 0.116731360894788 0.126063401261563 0.133410859216379 0.14697111509028 0.16726148645105 0.197135473019016 0.230320461921951 0.270250623611177 0.305995612351426 0.336284677488012 0.379787282186432 0.426225291345215 0.453850142466122 0.476980981512729 0.493028667492755 0.518619027639514 0.546945600981226 0.525596951351006 0.499883274409505 0.465781110766451 0.450598638820072 0.445150170713433 -9999 -9999 -9999 -9999 -9999 -9999 -9999 -9999 -9999 -9999 -9999 -9999 -9999 -9999 -9999
0.277565436467613 0.258301908274758 0.24185834380006 0.229839527509035 0.220062870131414 0.199835469584541 0.180334708196084 0.162986244915944 0.149830694349603 0.139269404652605 0.127034327595649 0.114789250216318 0.102852356221557 0.0951411561090095 0.0905937527059475 0.0787055641680889 0.0724544845603938 0.0911408929627006 0.103975442525696 0.111535240119558 0.121869105420662 0.132260038027004 0.140292843006817 0.152731760462251 0.16994367169525 0.201116013205521 0.235504722849048 0.267482826000949 0.297814868613415 0.3260010547321 0.366833529759438 0.41072056751676 0.43985182005855 0.461079356103366 0.469849597237227 0.497605134817224 0.532331780596508 0.529728676860726 -9999 -9999 -9999 -9999 -9999 -9999 -9999 -9999 -9999 -9999 -9999 -9999 -9999 -9999 -9999 -9999 -9999 -9999 -9999
0.294954688999978 0.273206522122059 0.247343186006553 0.23103868862308 0.21957795512744 0.201546878538243 0.182992525545397 0.163501583749725 0.144194169514978 0.125000308411969 0.122612282261248 0.118663360756618 0.106736307450404 0.098209242384799 0.0922277643654308 0.0734641303211213 0.0624167131635173 0.0867932926384278 0.10556791878384 0.119293052935825 0.125363642294396 0.130710484794832 0.139634629416069 0.153540712913109 0.17284356360254 0.205421641433697 0.239931692993281 0.263570376408463 0.288335860097443 0.314570276202209 0.340224594003577 0.366643200679613 0.405726392934187 0.433273975406488 0.44263992230387 0.476771635275754 0.520243153136176 0.524932286393194 -9999 -9999 -9999 -9999 -9999 -9999 -9999 -9999 -9999 -9999 -9999 -9999 -9999 -9999 -9999 -9999 -9999 -9999 -9999
0.307920884585519 0.292206946703899 0.267780521958132 0.244694454314522 0.222287587723491 0.203951127328423 0.185568908145279 0.166902677725276 0.148778063161358 0.130988559990777 0.122766186810145 0.115796404050325 0.110579328733955 0.103791399315333 0.0958273641071488 0.0712598118842179 0.0562895117912717 0.0857113137994396 0.107787620042943 0.123242838985323 0.125370996329386 0.127368277299137 0.14143562761577 0.157410037142487 0.175450299911385 0.202821587427531 0.232499049933026 0.261756224763014 0.287395737228178 0.308319150806402 0.33033150487513 0.352894769358156 0.378003374709275 0.396223477027244 0.403586394144834 0.452754596145683 0.517133697865392 0.493702139141219 -9999 -9999 -9999 -9999 -9999 -9999 -9999 -9999 -9999 -9999 -9999 -9999 -9999 -9999 -9999 -9999 -9999 -9999 -9999
0.318743929247489 0.30978770165495 0.289930096321863 0.261221549916094 0.228027953605933 0.207596363612639 0.188295548003594 0.171081144859178 0.155409039473341 0.140691192617806 0.124291231331146 0.112324515432556 0.113729598781373 0.108542126364857 0.098418776712832 0.0711167994270028 0.0544068111444297 0.0861498738318456 0.109256696762854 0.124578980812815 0.123697612098671 0.123572681623362 0.142859572697728 0.160627466759001 0.176749882332888 0.197717448516439 0.221655001120862 0.258872793042618 0.286768919854645 0.302513029696854 0.322738274273235 0.343437711660883 0.350847307751567 0.358322912963369 0.365902557216664 0.36540401007912 0.363319016343255 0.432673269268272 0.478290283353348 -9999 -9999 -9999 -9999 -9999 -9999 -9999 -9999 -9999 -9999 -9999 -9999 -9999 -9999 -9999 -9999 -9999 -9999
0.321861354656155 0.309556363830557 0.297582415326825 0.276260034536508 0.250200509414435 0.219082831244533 0.192270620575069 0.175736903085693 0.158555703404642 0.140973890157769 0.127587781291254 0.116612296747329 0.111877173218284 0.10265254422124 0.0900666015505649 0.0805864228089909 0.0765561223049853 0.091824828551087 0.104090444367381 0.113649132762305 0.116014581592234 0.119696938551954 0.137072268254327 0.153532169693931 0.169000418417862 0.186753057123364 0.207261894547223 0.244358025390935 0.272993507739651 0.290599421564226 0.301764633538059 0.31057225997905 0.316265779498834 0.330914763152675 0.359678734081819 0.36540401007912 0.363319016343255 0.432673269268272 -9999 -9999 -9999 -9999 -9999 -9999 -9999 -9999 -9999 -9999 -9999 -9999 -9999 -9999 -9999 -9999 -9999 -9999 -9999
0.326082818647249 0.310648032664464 0.302077165868512 0.284513596306198 0.262393141735695 0.226989656892861 0.19716974713398 0.180972114602114 0.163198017000047 0.144448520690049 0.131941901785249 0.120630081803892 0.111571537407685 0.100178793961829 0.0870384248056404 0.0874340689241143 0.0889437449596972 0.0883159973210499 0.0941279297412319 0.105744464767806 0.110149408700461 0.11531706257183 0.131328213643724 0.146333296660915 0.160248539917667 0.176572004750112 0.195436649647533 0.229012463412598 0.255586968125439 0.27303434529057 0.280003668068379 0.283570547273443 0.287810498702276 0.288425835976341 0.283328305451862 -9999 0.361638320534438 -9999 -9999 -9999 -9999 -9999 -9999 -9999 -9999 -9999 -9999 -9999 -9999 -9999 -9999 -9999 -9999 -9999 -9999 -9999 -9999
0.331720310558794 0.313436575499801 0.30252205332036 0.284064889561323 0.26178563235283 0.230305272528581 0.203254055322445 0.186950526628158 0.169758634645049 0.15201708988468 0.137652450784251 0.124301572585848 0.1132497973698 0.102086152656931 0.0908387507302639 0.0909187954132745 0.0888111317322355 0.0730281417646859 0.0780137811590451 0.101719859926791 0.106615800283643 0.110290591186688 0.125639630799933 0.139001578213951 0.150210975334524 0.167395654513997 0.186904916300828 0.212601333634894 0.233523183734238 0.248220757228826 0.257232888427106 0.264089602628597 0.267212676497841 0.272056117041194 0.279611081337022 -9999 -9999 -9999 -9999 -9999 -9999 -9999 -9999 -9999 -9999 -9999 -9999 -9999 -9999 -9999 -9999 -9999 -9999 -9999 -9999 -9999 -9999
0.341000202570169 0.325482801143357 0.308689649706904 0.290080208109874 0.270550395227558 0.242969035040131 0.21723634417412 0.196172838077248 0.177224921399984 0.159585973265952 0.144048258480964 0.129665031524853 0.118251893396936 0.107583984628335 0.0974740325552578 0.0929950891362301 0.0883523757990996 0.0804309114575838 0.0813018197080794 0.0900980019469906 0.0982978843239481 0.107128344257625 0.119791317085812 0.131427812137911 0.141952358263336 0.157004625889321 0.173415748333152 0.191449300651656 0.208270277190116 0.223510501654475 0.232762225388365 0.240132506286427 0.248724491307762 0.253723471023944 0.253059402638636 -9999 -9999 -9999 -9999 -9999 -9999 -9999 -9999 -9999 -9999 -9999 -9999 -9999 -9999 -9999 -9999 -9999 -9999 -9999 -9999 -9999 -9999
0.349563666532698 0.339311301264833 0.316935654686392 0.298623098388324 0.282369437582145 0.258783965337303 0.23408583358309 0.207107332787681 0.185517402940966 0.167261517876023 0.150828027751692 0.135759892708981 0.124337977143567 0.114105487386235 0.10476352627643 0.0949483290201011 0.0883020600867795 0.0939520693453457 0.0898594179190591 0.076984921263218 0.0889325919904563 0.104414996955238 0.114441586580079 0.124653170293938 0.135065151896105 0.146788896234807 0.158675691983747 0.169276147442035 0.182480927448491 0.199080787167822 0.208261337617668 0.215661640701826 0.231875253332113 0.24179508246343 -9999 -9999 -9999 -9999 -9999 -9999 -9999 -9999 -9999 -9999 -9999 -9999 -9999 -9999 -9999 -9999 -9999 -9999 -9999 -9999 -9999 -9999 -9999
0.334514316438497 0.338112078321754 0.328086552601259 0.312693669102809 0.294580976796329 0.276298247304542 0.254928961834819 0.226356283159117 0.200478272216804 0.176267520178688 0.159642250211714 0.144173205613739 0.130573254538836 0.118949355218623 0.108804935059354 0.101036887244925 0.0946647064128837 0.0924902086049499 0.086078346650782 0.0758470069053629 0.0857564883686371 0.0997992335896824 0.115960166966027 0.128830742801868 0.138136984737095 0.143653338076903 0.148281044247949 0.153445217271266 0.162836284002345 0.177737662835575 0.190228451589535 0.202801403053987 0.226993716440859 -9999 -9999 -9999 -9999 -9999 -9999 -9999 -9999 -9999 -9999 -9999 -9999 -9999 -9999 -9999 -9999 -9999 -9999 -9999 -9999 -9999 -9999 -9999 -9999
0.320845719577197 0.329547705864114 0.331549864949235 0.322764442753587 0.308512614218251 0.291420331962848 0.271557851163146 0.245347243392026 0.218604662744937 0.191532937059571 0.169365075716854 0.149720804727485 0.136506157366262 0.124528851300437 0.113477948430872 0.106959416075622 0.100604905524329 0.0927384506681184 0.0858633363786891 0.079881797233552 0.0847338908138369 0.0938618650098117 0.114748009526995 0.128303675168336 0.133918479051254 0.135110449317347 0.135489343316693 0.138200039415967 0.145984994936296 0.160384915258306 0.174730492369932 0.187819443823759 0.184489439460042 -9999 -9999 -9999 -9999 -9999 -9999 -9999 -9999 -9999 -9999 -9999 -9999 -9999 -9999 -9999 -9999 -9999 -9999 -9999 -9999 -9999 -9999 -9999 -9999
0.309317075616467 0.309568496423843 0.323098614549691 0.326636152643939 0.325110136507363 0.302834882611454 0.281655325179208 0.263938359009617 0.24163711919727 0.216499473636095 0.180496094717786 0.150826992882957 0.141970426611599 0.131248456830189 0.119129850744432 0.112624625151364 0.105890377114011 0.0956370862755912 0.091175166377943 0.091933475831797 0.0870488929435416 0.0858762137648062 0.109303632897733 0.120485146557591 0.118401081785894 0.118187038586443 0.118982582506373 0.123862686606184 0.133462970988422 0.149216631427132 0.163161275699962 0.17586021020072 0.179949909031396 -9999 -9999 -9999 -9999 -9999 -9999 -9999 -9999 -9999 -9999 -9999 -9999 -9999 -9999 -9999 -9999 -9999 -9999 -9999 -9999 -9999 -9999 -9999 -9999
0.310140135884506 0.306554217847553 0.310100447074519 0.31637900139335 0.324042110675479 0.305577541675887 0.287511192645858 0.271512019389664 0.253962309904951 0.235453244540754 0.216330812529568 0.19319435205026 0.158381445616287 0.136045680536605 0.123051609356386 0.114462688532425 0.106942725296869 0.101418473603918 0.0982143055272926 0.097101415787998 0.0896268599036056 0.0846075246839204 0.0983745968906647 0.105604002611729 0.105751373630185 0.105116619465236 0.10544318382287 0.11459799381863 0.126234979203137 0.141107806799422 0.156940558901339 0.171956782781309 -9999 -9999 -9999 -9999 -9999 -9999 -9999 -9999 -9999 -9999 -9999 -9999 -9999 -9999 -9999 -9999 -9999 -9999 -9999 -9999 -9999 -9999 -9999 -9999 -9999
0.31594736759285 0.310410975515803 0.29568051958195 0.300918465483335 0.316275027925779 0.305029948076225 0.29172113956387 0.274748541536208 0.261940959377986 0.251710377607753 0.224106707503557 0.19445712986881 0.162297070308375 0.140486466150974 0.126424547502216 0.114943759551744 0.10646150912278 0.108186351960543 0.105756395834625 0.0995813845703633 0.0924169014988445 0.0861843715575395 0.0857195210065688 0.0883759301306351 0.0944134951125112 0.0938246008163181 0.0934554498373653 0.107530409168431 0.121225129291065 0.134424157575488 0.13769587393328 -9999 -9999 -9999 -9999 -9999 -9999 -9999 -9999 -9999 -9999 -9999 -9999 -9999 -9999 -9999 -9999 -9999 -9999 -9999 -9999 -9999 -9999 -9999 -9999 -9999 -9999
0.319834315574528 0.312502060271659 0.296182135455267 0.304790800275328 0.326031564625534 0.313024916425126 0.298850197312269 0.283436798077304 0.270691633966303 0.259597374237242 0.239195391683432 0.215971597972607 0.186329694648082 0.159656454280181 0.135205865707591 0.1224674839376 0.112647198862485 0.108422576486925 0.106351243513113 0.106220843809202 0.098812948542388 0.0913666787070226 0.0906826994401239 0.0895569238071771 0.0879525649973899 0.0896304324420439 0.0931992498475375 0.104843010822284 0.118210577889217 0.133825353007323 -9999 -9999 -9999 -9999 -9999 -9999 -9999 -9999 -9999 -9999 -9999 -9999 -9999 -9999 -9999 -9999 -9999 -9999 -9999 -9999 -9999 -9999 -9999 -9999 -9999 -9999 -9999
0.320043247770938 0.311660832142017 0.29867541048416 0.305964711754609 0.323527852087414 0.315801323671702 0.305803425394833 0.291599561540859 0.278815131930108 0.266908942093267 0.250008651440546 0.230830611778185 0.205963854860424 0.17672145746106 0.14420299763421 0.129464662991393 0.118132855724441 0.111396764746623 0.108967821679535 0.110421258134462 0.104799845204657 0.0985670345277232 0.0959382708070432 0.0925195725213059 0.0882451646311127 0.0920199116076214 0.0979588596145571 0.104866765314975 0.108775968542741 -9999 -9999 -9999 -9999 -9999 -9999 -9999 -9999 -9999 -9999 -9999 -9999 -9999 -9999 -9999 -9999 -9999 -9999 -9999 -9999 -9999 -9999 -9999 -9999 -9999 -9999 -9999 -9999
0.313308152415916 0.30528345010355 0.304928902123536 0.302044048625498 0.297877009828913 0.308725181557694 0.312424690235472 0.298770203539592 0.285754531724006 0.273134110790042 0.252749986899608 0.233124247751718 0.217293794028704 0.189812286976048 0.153607581979143 0.135467733942776 0.122296863122717 0.119540179216585 0.115401390590265 0.110016799596775 0.110014273317002 0.109577429889089 0.101745874765355 0.0988459538539034 0.101288306781055 0.106839198738885 0.112188227854011 0.110009127532093 -9999 -9999 -9999 -9999 -9999 -9999 -9999 -9999 -9999 -9999 -9999 -9999 -9999 -9999 -9999 -9999 -9999 -9999 -9999 -9999 -9999 -9999 -9999 -9999 -9999 -9999 -9999 -9999 -9999
0.307645726621044 0.301147227438038 0.302196462021078 0.297617797432282 0.290187299525954 0.297675220449025 0.30263244452731 0.30102834710038 0.291814807207695 0.277893113300394 0.26917894916565 0.255801507660446 0.227665003887976 0.194207011871936 0.156764796799551 0.137483026047193 0.124236076450687 0.125418961287364 0.122230480677951 0.115101736106656 0.114088519108946 0.113794079779904 0.111368677736805 0.109973333603304 0.109693816634962 0.113402184775314 0.117572182831562 -9999 -9999 -9999 -9999 -9999 -9999 -9999 -9999 -9999 -9999 -9999 -9999 -9999 -9999 -9999 -9999 -9999 -9999 -9999 -9999 -9999 -9999 -9999 -9999 -9999 -9999 -9999 -9999 -9999 -9999
0.302525392696903 0.298143612914148 0.29492282793944 0.292936038681405 0.291574553820455 0.28461702208557 0.284545351114659 0.300803875728173 0.297430802216174 0.281911163703659 0.270915968127061 0.255801507660446 0.227665003887976 0.194207011871936 0.156764796799551 0.137483026047193 0.125050952122056 0.130153272722076 0.129259454143236 0.122960832097776 0.117586554304443 0.114577394440346 0.122919556648026 0.123526979846913 0.115755619852153 0.115792708133484 -9999 -9999 -9999 -9999 -9999 -9999 -9999 -9999 -9999 -9999 -9999 -9999 -9999 -9999 -9999 -9999 -9999 -9999 -9999 -9999 -9999 -9999 -9999 -9999 -9999 -9999 -9999 -9999 -9999 -9999 -9999
0.300841046851322 0.300026358295763 0.299392256971392 0.298022989876813 0.296281191190362 0.286392783558471 0.280874508705413 0.285920181266248 0.289128815766609 0.291200828476564 0.28308606287559 0.274196050792689 0.265081568069206 0.261179219173653 -9999 -9999 -9999 -9999 0.129383747005851 0.123099803960897 0.117648409824331 0.114591245740533 0.123123810058951 0.123766648057186 0.115862810308653 -9999 -9999 -9999 -9999 -9999 -9999 -9999 -9999 -9999 -9999 -9999 -9999 -9999 -9999 -9999 -9999 -9999 -9999 -9999 -9999 -9999 -9999 -9999 -9999 -9999 -9999 -9999 -9999 -9999 -9999 -9999 -9999
0.298105061226225 0.299402765717099 0.301144651721379 0.301126428390581 0.300216302363765 0.289255549560184 0.28007125372998 0.275474423787808 0.280556556188312 0.291627306758423 0.290395912492285 0.285239000090107 0.271023315952474 0.258768039846627 0.247980530373454 -9999 -9999 -9999 -9999 -9999 -9999 -9999 -9999 -9999 -9999 -9999 -9999 -9999 -9999 -9999 -9999 -9999 -9999 -9999 -9999 -9999 -9999 -9999 -9999 -9999 -9999 -9999 -9999 -9999 -9999 -9999 -9999 -9999 -9999 -9999 -9999 -9999 -9999 -9999 -9999 -9999 -9999
0.292775183133381 0.292735723946259 0.296075247892306 0.299199608350706 0.302214938710298 0.294028456464831 0.285343544898155 0.275981614734717 0.271938330441005 0.271185826518729 0.28594626160827 0.294689912374124 0.282617087853198 0.26702559424146 0.248799656677657 -9999 -9999 -9999 -9999 -9999 -9999 -9999 -9999 -9999 -9999 -9999 -9999 -9999 -9999 -9999 -9999 -9999 -9999 -9999 -9999 -9999 -9999 -9999 -9999 -9999 -9999 -9999 -9999 -9999 -9999 -9999 -9999 -9999 -9999 -9999 -9999 -9999 -9999 -9999 -9999 -9999 -9999
