layers/veg/veg_2600.asc
NCOLS 255 
NROWS 330 
XLLCORNER -2985163.8955 
YLLCORNER -3022031.214 
CELLSIZE 25000 
NODATA_value -9999 
[rows 200 to 224 of 330, columns 56 to 111 of 255]
-9999 -9999 -9999 -9999 -9999 -9999 -9999 -9999 -9999 -9999 -9999 -9999 -9999 -9999 -9999 -9999 -9999 -9999 -9999 -9999 0.218819474989702 0.218830631031306 0.219315206453096 0.22068262675496 0.174749807675926 0.105211741866324 0.0781432116348257 0.0654862864733443 0.0844832947676178 0.114295489763457 0.15070348151391 0.187951089675097 0.21254687968487 0.200451700268627 0.188362000630075 0.176276347085002 0.188440883479329 0.202208435307638 0.211145555246491 0.217577892342884 0.221783059936315 0.234585793931056 0.249151196432848 0.264796278958003 0.283526212232202 0.305552657225096 0.298341415300589 0.285875983675986 0.288073230829032 0.294182987610288 0.305323165598223 0.309482835622402 0.311062613750933 0.308597679402556 0.307468191003458 0.308413667047135
-9999 -9999 -9999 -9999 -9999 -9999 -9999 -9999 -9999 -9999 -9999 -9999 -9999 -9999 -9999 -9999 -9999 -9999 -9999 -9999 0.191736158151055 0.205949848187871 0.215463942724015 0.216214108279165 0.177947740478605 0.12021012034428 0.0761154589382984 0.0574649240221437 0.0968307886954358 0.136054272259621 0.175190922661949 0.200973164383915 0.216081436617824 0.202863538670773 0.191613568667284 0.181816654037869 0.194918628557148 0.208503770647134 0.213681265661327 0.215082703588406 0.213126597283186 0.226092933161168 0.23938841354105 0.240780009346605 0.259854484188893 0.297825114050311 0.290158966196439 0.274721640605585 0.285340556297154 0.295943150045755 0.306524758223497 0.310589082460984 0.312098283877601 0.307986751286801 0.305737064435805 0.306380241732631
-9999 -9999 -9999 -9999 -9999 -9999 -9999 -9999 -9999 -9999 -9999 -9999 -9999 -9999 -9999 -9999 -9999 -9999 -9999 -9999 0.1910826607995 0.184238920676566 0.178239784208124 0.1738156867923 0.146968692206734 0.108931521270399 0.0749896434839969 0.061686247655345 0.0956837815221123 0.133426416382925 0.17345305480871 0.196876036193829 0.210961576216908 0.201187792733803 0.192510113542062 0.184641762881033 0.191613728066409 0.199796758450727 0.205882460660905 0.209583418998535 0.211163942488368 0.217407134146002 0.224501076109181 0.231649739637461 0.249673491868558 0.27931850563452 0.276106573996231 0.268297351586386 0.286601052156697 0.299453407798314 0.30529681937587 0.309483808115524 0.312705457073853 0.310519103315899 0.308221917354495 0.305752524587269
-9999 -9999 -9999 -9999 -9999 -9999 -9999 -9999 -9999 -9999 -9999 -9999 -9999 -9999 -9999 -9999 -9999 -9999 -9999 -9999 0.15963811460393 0.160113974177205 0.157765757252689 0.150151128386977 0.128704177786664 0.100354188815393 0.0750313270063667 0.0656850252807295 0.0929600566891671 0.124677328098163 0.159103763295764 0.185842380493978 0.204098828374347 0.19929892887511 0.192163003792908 0.18330223175256 0.188010367106983 0.194115844167063 0.19938620762527 0.20344868644244 0.206437154455157 0.213950648598458 0.221647667757554 0.226157461408449 0.237669486638768 0.256664187802671 0.258676101067427 0.259871567380906 0.286059894585658 0.302366784235599 0.305968837923019 0.309961993941076 0.313637612933369 0.311719536280553 0.308921539083738 0.304756355261175
-9999 -9999 -9999 -9999 -9999 -9999 -9999 -9999 -9999 -9999 -9999 -9999 -9999 -9999 -9999 -9999 -9999 -9999 -9999 -9999 0.159596744503733 0.158739548949043 0.155148078257617 0.146457659558979 0.123993893659779 0.0946565207084687 0.0763176137663629 0.0694465594588957 0.0885554842124984 0.109402747435613 0.131310161310956 0.167414093390549 0.195378088879516 0.197182872307322 0.190490105668463 0.17752301845235 0.184088834677555 0.191660878115331 0.194278530018773 0.196636539505769 0.19876368360125 0.21606883215334 0.23162293625611 0.224543435807582 0.223722072622607 0.229588236486675 0.237644451353216 0.249312104740828 0.283598098335196 0.304643859971718 0.308666291328904 0.312128215212375 0.314916214042903 0.311500087247031 0.307718028936471 0.303367400342794
-9999 -9999 -9999 -9999 -9999 -9999 -9999 -9999 -9999 -9999 -9999 -9999 -9999 -9999 -9999 -9999 -9999 -9999 -9999 -9999 0.154166395544993 0.154264798836121 0.150250450218737 0.13856653394654 0.115163377487134 0.0859117187847231 0.072926990487698 0.0728210527114634 0.101755533025275 0.117920816314732 0.126298621623799 0.156847127725431 0.180961334045692 0.18235089497164 0.178130667396267 0.16976835049494 0.177685433465341 0.185755960726719 0.187139918521551 0.192134335305552 0.200339052007001 0.212046155510186 0.221949119471516 0.219563967440112 0.220507422444096 0.225007870311505 0.231210523457361 0.240824371165021 0.272471502348626 0.295529862607973 0.307545403934638 0.313376709601692 0.316684156505698 0.313407227829421 0.309551604840169 0.304796828932516
-9999 -9999 -9999 -9999 -9999 -9999 -9999 -9999 -9999 -9999 -9999 -9999 -9999 -9999 -9999 -9999 -9999 -9999 -9999 -9999 0.15119243148094 0.15087992909633 0.145491617951403 0.130637805469143 0.105515110264726 0.0752677156195336 0.0674930092839467 0.074725019567028 0.115673525200489 0.127799221546818 0.122346914184032 0.147762526546567 0.167656341157395 0.16583461599907 0.163953649416099 0.162028940850229 0.170834998326363 0.179088075649103 0.180492124768648 0.188027595350757 0.201014921742379 0.204800695164931 0.207592541353409 0.213733100823207 0.219799969811604 0.225788092191087 0.228934361814339 0.234085479399767 0.259202081993867 0.282639140313328 0.303916762378428 0.313429944469018 0.318535080330777 0.31606674175738 0.312481777130301 0.307161841980066
-9999 -9999 -9999 -9999 -9999 -9999 -9999 -9999 -9999 -9999 -9999 -9999 -9999 -9999 -9999 -9999 -9999 -9999 -9999 -9999 0.151205884134301 0.151326862173055 0.145873761353733 0.130025972046931 0.0973264939593755 0.0562171584016898 0.0555438811587546 0.0665525022736194 0.103010710236681 0.104611980562553 0.0849552474450056 0.135322146502569 0.172801335347193 0.159974948001313 0.155785915091799 0.157974429857555 0.165197590651711 0.173068951090666 0.181114645540172 0.182640876194905 0.178370216718785 0.18504473938672 0.194459075873623 0.207750090282706 0.218053391481276 0.22516398340093 0.23072433117041 0.236415506204469 0.245901637749504 0.262674705140595 0.288816786309293 0.306383820604802 0.320109030656563 0.320393470960921 0.317954903738779 0.311285432377128
-9999 -9999 -9999 -9999 -9999 -9999 -9999 -9999 -9999 -9999 -9999 -9999 -9999 -9999 -9999 -9999 -9999 -9999 -9999 -9999 0.151127623177012 0.151325234909386 0.146542945435246 0.13247400554619 0.0952593731177128 0.0464938523577162 0.0456512786695729 0.0550621068324976 0.0863786971040395 0.0845324297162759 0.0624613178613086 0.123833740161735 0.170504371834569 0.159122249798133 0.150907410259206 0.145031191333537 0.152119301483003 0.160455904409467 0.167671414223296 0.16933477207893 0.166061341280676 0.173158513634794 0.183376833239213 0.199918487722741 0.213116439734157 0.222741267701709 0.231164233638654 0.238648917718163 0.241412776475293 0.252335233127247 0.273747423419976 0.298369439329792 0.322246105166971 0.323651864849297 0.322168207989971 0.316195087077432
-9999 -9999 -9999 -9999 -9999 -9999 -9999 -9999 -9999 -9999 -9999 -9999 -9999 -9999 -9999 -9999 -9999 -9999 -9999 -9999 0.151112401324086 0.150819524297582 0.147580284780987 0.138846591196643 0.101043616014111 0.0487335775822805 0.0383963536728838 0.0393162368376844 0.0646558334175073 0.0684387685603949 0.0590750644940451 0.11356632497526 0.158662434027415 0.164691436788842 0.150247635524597 0.120687367212244 0.129497418352953 0.139385564677354 0.136187601719928 0.145871350641968 0.167009088851048 0.171365918323864 0.174925466795497 0.189715901073319 0.204087549619353 0.218011678273899 0.229872554948351 0.240758411506711 0.248225556020251 0.254340634548509 0.258717324663314 0.289113181593496 0.325105436653535 0.32554002344087 0.324765677739435 0.322112939333851
-9999 -9999 -9999 -9999 -9999 -9999 -9999 -9999 -9999 -9999 -9999 -9999 -9999 -9999 -9999 -9999 -9999 -9999 -9999 -9999 0.137874335400117 0.138628844942656 0.136156785686242 0.127667736286257 0.0999916455169712 0.0627402364939091 0.0515165304879891 0.047744794230533 0.0601994374999264 0.0627054457134724 0.059144136124295 0.105340065549384 0.144672943731762 0.154885996217461 0.147048574891088 0.125883258067803 0.126321713824085 0.129241147668474 0.131787196793305 0.139354818705933 0.151387455940569 0.162570186459845 0.173831504275259 0.186261989123793 0.199455457128311 0.213464258878116 0.225175666508857 0.236187979442758 0.246242769904614 0.253414559094226 0.256879594277608 0.276673565066873 0.301156497821594 0.318147299301696 0.327204854490742 0.323936037370521
-9999 -9999 -9999 -9999 -9999 -9999 -9999 -9999 -9999 -9999 -9999 -9999 -9999 -9999 -9999 -9999 -9999 -9999 -9999 -9999 -9999 0.125274153611489 0.121809971797736 0.111885692856764 0.0970236370516532 0.0796973772022484 0.0698821929280866 0.0626404323445961 0.0610535098491359 0.0604240024670458 0.060378388426036 0.0979688084991549 0.130335892127388 0.14058403919992 0.143119796064654 0.139960969408141 0.12986940986196 0.123785561055841 0.135751764496999 0.138251477406914 0.132333902137643 0.152298325572153 0.174549925197108 0.184816087957547 0.196308070126442 0.209109978892671 0.219485230480176 0.229511057363291 0.241392562456383 0.251358893574637 0.258862832854149 0.263951431446428 0.270613500297549 0.306939170522473 0.327703502619233 0.324289227326186
-9999 -9999 -9999 -9999 -9999 -9999 -9999 -9999 -9999 -9999 -9999 -9999 -9999 -9999 -9999 -9999 -9999 -9999 -9999 -9999 -9999 -9999 0.121143378837221 0.109309426895258 0.0976620657451812 0.0861078229754286 0.0716907135622303 0.0609314441258345 0.0586801494084921 0.0595203987481426 0.062246070579381 0.0930530505506306 0.120307472634946 0.132053764536226 0.14030571213294 0.145977547085169 0.13905327127798 0.132874221545212 0.135093542654549 0.136490178496138 0.137155309990202 0.151797596045189 0.16826890945216 0.181264595187685 0.193992273589496 0.206433555861267 0.215102483674896 0.223433311293397 0.236160504546393 0.247004647164182 0.255427699804248 0.260521199474823 0.265696138453254 0.285467464576598 0.304611045944231 0.322779261706132
-9999 -9999 -9999 -9999 -9999 -9999 -9999 -9999 -9999 -9999 -9999 -9999 -9999 -9999 -9999 -9999 -9999 -9999 -9999 -9999 -9999 -9999 0.116381041017414 0.106410073699327 0.0978216574764571 0.0899232051976889 0.0731013293196095 0.060379690978268 0.0573934955022924 0.0591906788692458 0.0639050744414871 0.085871431991052 0.106816001521439 0.121584880938798 0.13446893361099 0.14596129018972 0.144726111468922 0.141859171923065 0.138577202481316 0.138857000455904 0.142303803422637 0.151680411715792 0.162539304232704 0.175488014354435 0.188932737389513 0.202907506288879 0.211171599865955 0.218629448635493 0.230572646812478 0.242029583344854 0.25286131991059 0.25933971681996 0.264587858895028 0.272083268109646 0.28634763289529 0.311129339945652
-9999 -9999 -9999 -9999 -9999 -9999 -9999 -9999 -9999 -9999 -9999 -9999 -9999 -9999 -9999 -9999 -9999 -9999 -9999 -9999 -9999 0.119861519937271 0.116208098210861 0.1057416798035 0.0972391263418548 0.0897166422666626 0.0738952543643454 0.0616214723220466 0.0577910678177215 0.0597503897436134 0.0652406593870324 0.0751780816669765 0.0879573386572751 0.108111454812004 0.123947448291489 0.1365950773902 0.144957414478899 0.150683387747724 0.148480135122843 0.147621768131324 0.147959228664979 0.152157662828204 0.15766429962204 0.166262892868294 0.179620831171184 0.198064667635391 0.207941033468291 0.21579990726652 0.224433354653432 0.236092349035402 0.251641372378837 0.261643446083015 0.269383064834678 0.271233454293699 0.275568486888657 0.283764062220546
-9999 -9999 -9999 -9999 -9999 -9999 -9999 -9999 -9999 -9999 -9999 -9999 -9999 -9999 -9999 -9999 -9999 -9999 -9999 -9999 0.11693021420668 0.117202006364064 0.114207445467459 0.105121703704771 0.0970248845569248 0.0894215885418652 0.0714134046105895 0.057738498897491 0.05438619811642 0.0581988316076559 0.0663811030463769 0.071390187501743 0.078591280935165 0.0927153303250512 0.108648110687997 0.125916400447647 0.136413474834084 0.144785985908704 0.148248065845994 0.149858599700621 0.149822800428587 0.153943571940367 0.158450839312296 0.161130082638916 0.169940273754189 0.185302075587827 0.194046949258015 0.201919717517275 0.215447227362735 0.229910523616511 0.24557698618568 0.257633303668632 0.267927672162309 0.270743068909651 0.274192180725742 0.278625934589842
-9999 -9999 -9999 -9999 -9999 -9999 -9999 -9999 -9999 -9999 -9999 -9999 -9999 -9999 -9999 -9999 -9999 -9999 -9999 -9999 0.122032574654768 0.117322926805551 0.111748592273163 0.104561767329409 0.0969348443255135 0.0890882898053457 0.0677831210092724 0.0520561458384664 0.0496196153928203 0.0558459025262705 0.0673553332290994 0.0703804340703882 0.0731824764659802 0.0769264862628076 0.0916545579340627 0.11449291138064 0.124241955809433 0.132978702745113 0.143773862869164 0.149231487892297 0.14994315442504 0.15598648761073 0.161272234879262 0.157888304415201 0.160572951342656 0.169742559169152 0.176282491814371 0.184004561725185 0.205241069413843 0.223393483034438 0.237580592112009 0.251153600703111 0.26400565516511 0.270279648391328 0.276414531692508 0.282333271353995
-9999 -9999 -9999 -9999 -9999 -9999 -9999 -9999 -9999 -9999 -9999 -9999 -9999 -9999 -9999 -9999 -9999 -9999 -9999 -9999 0.122212407634949 0.12329745874138 0.119187112284131 0.105388252151689 0.0959474046777048 0.0886814291579493 0.0706303053468586 0.0564136821317189 0.0513862950255129 0.055561669084331 0.0653494790539368 0.0680095406672895 0.0706615122739002 0.0746226019227307 0.0834486450013761 0.0958668148898204 0.110454726571348 0.124513291625175 0.135628563129773 0.141710840736266 0.143317947749748 0.148496815914477 0.154619745071352 0.162259937787285 0.167163221816628 0.169141809550327 0.175063812800435 0.182407044236386 0.193024519707528 0.208774321485743 0.231122896314521 0.248347533439844 0.262969765329114 0.26569670164239 0.270443639186681 0.278329176785122
-9999 -9999 -9999 -9999 -9999 -9999 -9999 -9999 -9999 -9999 -9999 -9999 -9999 -9999 -9999 -9999 -9999 -9999 -9999 -9999 0.164480740083097 0.152421593779082 0.137338042101006 0.116614499937746 0.100890537945266 0.087661623018619 0.0720295608541125 0.0590384485500625 0.052201745135451 0.054563153481477 0.0625341622323296 0.0650739827959744 0.0678159156363081 0.072156797712363 0.0766020215676209 0.0811242880724877 0.0963272588895836 0.112545956600581 0.127793083856401 0.136774617462615 0.140184993818066 0.144588657538963 0.150498362116754 0.163105186425961 0.170219314551081 0.171463875941517 0.176198047588065 0.181635020067769 0.185879861977636 0.197899761740586 0.219916267166896 0.240160461106936 0.258633877189377 0.262026472520317 0.267065452418327 0.274662521198668
-9999 -9999 -9999 -9999 -9999 -9999 -9999 -9999 -9999 -9999 -9999 -9999 -9999 -9999 -9999 -9999 -9999 -9999 -9999 -9999 0.16523721094362 0.177553576300705 0.175713808671545 0.147475312871151 0.117030486051157 0.0854845868313475 0.0706951528108694 0.0583917766565171 0.0512212910406816 0.0522160860249978 0.058190594514878 0.0610723485798228 0.0643574187891099 0.0693852917035075 0.0723217122233149 0.0737138708449544 0.0815574271547786 0.0939670523232527 0.120542540042153 0.13671773992633 0.143645350161267 0.147442331800125 0.151155663309031 0.157292684207823 0.166602943373563 0.17930416631168 0.18177454125062 0.182421512418257 0.18831084494054 0.194094942749957 0.199743737395527 0.221814148129209 0.248067651694198 0.260079437837218 0.268582247380577 0.271632944332819
-9999 -9999 -9999 -9999 -9999 -9999 -9999 -9999 -9999 -9999 -9999 -9999 -9999 -9999 -9999 -9999 -9999 -9999 -9999 -9999 0.199170282691648 0.199190880900616 0.190111293631789 0.164061441745531 0.131589395881832 0.0959123456593109 0.0740749333296279 0.0572215279859481 0.0513445372211404 0.0509352376543258 0.053860487999047 0.0572413320077613 0.0611874490269974 0.0666807062414591 0.069469397922118 0.0702611244718689 0.075928568087199 0.0853420888954779 0.106563513175555 0.125422705635682 0.142181480215609 0.150389000053096 0.15633280974454 0.15862639840727 0.16550534951695 0.177284278703531 0.180536327873515 0.182236563925835 0.188069443161086 0.19252376878067 0.195205650112121 0.210677596041964 0.230047648367758 0.246387821471332 0.258898308240057 0.26545837599251
-9999 -9999 -9999 -9999 -9999 -9999 -9999 -9999 -9999 -9999 -9999 -9999 -9999 -9999 -9999 -9999 -9999 -9999 -9999 -9999 0.199166664931069 0.199070689231155 0.192390944714788 0.173433615387893 0.14534930103469 0.112710152789058 0.0798371095007846 0.0557866808546106 0.052025557173834 0.0501932212970795 0.0495371843312131 0.0534965399742723 0.0581632913519633 0.0640099402199514 0.067338745289224 0.0688084546152933 0.0749192555767136 0.0817475193716192 0.0891841325555333 0.108448277014402 0.138229068467325 0.153382664407066 0.163794137119221 0.163571575046208 0.165680662770387 0.17028138185881 0.175854185979313 0.181560681222728 0.186477506139354 0.192081405447162 0.198568695191392 0.203184619678176 0.208260751191913 0.226760880293487 0.243553886944623 0.257694432531321
-9999 -9999 -9999 -9999 -9999 -9999 -9999 -9999 -9999 -9999 -9999 -9999 -9999 -9999 -9999 -9999 -9999 -9999 -9999 -9999 0.200797000674608 0.200975519216019 0.19566384339552 0.180113909096658 0.154980113765092 0.125063479968657 0.0827031922665746 0.0513483391160963 0.0457246693640398 0.0471656792711794 0.0529151854118382 0.0533386736264923 0.054468373180132 0.058633022306387 0.0629614990748136 0.0674109409612255 0.0739513850018631 0.0808345101282732 0.0880642606358418 0.10038382370223 0.117229078622873 0.141192027667147 0.163140965111161 0.168456289996416 0.172866934441574 0.176310825576745 0.179510843875593 0.182180817202226 0.181389514822408 0.185475671097088 0.195832910073616 0.201910432215987 0.207194661408857 0.21992998123813 0.230083760130592 0.236226440217937
-9999 -9999 -9999 -9999 -9999 -9999 -9999 -9999 -9999 -9999 -9999 -9999 -9999 -9999 -9999 -9999 -9999 -9999 -9999 -9999 0.212287600537172 0.208532014583505 0.201172395028299 0.187091879063074 0.161113668869165 0.129197898707932 0.0806330264212087 0.0444511369744425 0.0373131654204211 0.0418473133091964 0.0534998706775887 0.0534075215770562 0.0536370991299 0.0569919100971876 0.0635281213204922 0.0724133772607107 0.077003511008422 0.0817360364093086 0.0889153094300966 0.0958044322484925 0.102435563167913 0.13139408232855 0.160544360600703 0.170366176790371 0.176863654513521 0.179808700821577 0.181445464695286 0.182300465936229 0.179782555537455 0.182181511170905 0.190902216655284 0.198303781930284 0.205439737217209 0.214606667221626 0.220242957845524 0.22039347708437
-9999 -9999 -9999 -9999 -9999 -9999 -9999 -9999 -9999 -9999 -9999 -9999 -9999 -9999 -9999 -9999 -9999 -9999 -9999 -9999 0.212503179487983 0.215694123141254 0.21184727575723 0.194876171014224 0.159273470719671 0.114372648137896 0.0671852560342623 0.031951939269889 0.0242777363184235 0.0312882873318471 0.0472545462046533 0.0538540886055869 0.0595048457643559 0.0641668816652943 0.0757057526836033 0.0923222599317441 0.0894185288837174 0.0867520958410121 0.0936758132252634 0.0989699017511457 0.102814978557137 0.127806680265486 0.153760781415136 0.1653487015307 0.173136277954198 0.17686275757428 0.17901889950596 0.181199876296295 0.186431305600542 0.186860158661957 0.181114207397154 0.189002852409155 0.20121125630325 0.212258699676505 0.218778113194458 0.218262048450904
