layers/veg/veg_1200.asc
NCOLS 255 
NROWS 330 
XLLCORNER -2985163.8955 
YLLCORNER -3022031.214 
CELLSIZE 25000 
NODATA_value -9999 
[rows 225 to 249 of 330, columns 57 to 113 of 255]
-9999 -9999 -9999 -9999 -9999 -9999 -9999 -9999 -9999 -9999 -9999 -9999 -9999 -9999 -9999 -9999 -9999 -9999 0.159017444152661 0.155355571696828 0.146015148228542 0.133212372164899 0.116178001611797 0.0980786280387697 0.0776948623656926 0.0588489257447489 0.0411382226928658 0.0305092575432959 0.0231269064593697 0.0247034143473963 0.0271596967152552 0.0303980760294896 0.0366035378604596 0.0432738611226207 0.0495941571661237 0.0563582706109583 0.0635965507584951 0.0710510999013226 0.078483220272875 0.0853555508978227 0.0925720788265983 0.100231053774432 0.107550653808417 0.114946067052647 0.124677382996973 0.133301557791172 0.140205888481253 0.150022110489286 0.160891342060123 0.166903273137064 0.169443901076272 0.165414891484412 0.173697767826471 0.188217957079369 0.209512120416754 0.223831758443204 0.221567953878068
-9999 -9999 -9999 -9999 -9999 -9999 -9999 -9999 -9999 -9999 -9999 -9999 -9999 -9999 -9999 -9999 -9999 -9999 0.161075395480879 0.164201028766832 0.157744043555033 0.145444299520915 0.127075357813453 0.107638816503594 0.0862534922951663 0.0672648886216927 0.0500455567688827 0.0380094368965838 0.0289751149976077 0.0288320181545891 0.0318232369151348 0.0376007818521252 0.0427359142655815 0.0476876132240244 0.0522974977676028 0.0576538329049334 0.0638076627229763 0.070549389542139 0.0775552697854558 0.0854344618765742 0.0933083501733394 0.101175420729305 0.107509410093627 0.113452292115544 0.12071451977288 0.128519508336968 0.137167627106555 0.144064290252648 0.15041825819044 0.162877993370649 0.171209814264027 0.171729323887601 0.17354960521347 0.176028869263539 0.189191152257357 0.198551658316041 0.19856943808047
-9999 -9999 -9999 -9999 -9999 -9999 -9999 -9999 -9999 -9999 -9999 -9999 -9999 -9999 -9999 -9999 -9999 -9999 0.19657610861122 0.192163045337595 0.18253084042135 0.169716396132379 0.145145172238201 0.120441890103178 0.0975525257692186 0.0763011285965311 0.0562588874766022 0.04669127401318 0.0393998288923736 0.0359346556543488 0.0367780169112376 0.0414515548202928 0.047632226378985 0.0536085938240783 0.0571854527690953 0.0624374016195853 0.0694789870522023 0.0737444004005557 0.0777368924582791 0.084783841585288 0.092204239196858 0.100104684638345 0.106630938193247 0.112692736572029 0.11850383407502 0.125090835468688 0.132883133704217 0.139024827484138 0.144629289888682 0.155082435360549 0.16417641231254 0.170698085963742 0.172605375351947 0.17217497588455 0.177313722340262 0.181428031215729 0.182908137478939
-9999 -9999 -9999 -9999 -9999 -9999 -9999 -9999 -9999 -9999 -9999 -9999 -9999 -9999 -9999 -9999 -9999 -9999 0.202617555724592 0.218130307220465 0.21533746771778 0.201383257935177 0.16762012776015 0.135236661128707 0.110534645279 0.0857183269611709 0.0608176299546581 0.0560988552211415 0.0526353157746616 0.044863868874188 0.0419116689698297 0.0432436560314422 0.0517693792974699 0.0604552757660931 0.0634151422743946 0.0693632150086716 0.0785038346978749 0.0792098432439386 0.0785999866958719 0.0836851617753017 0.0899698122876206 0.0977963235984215 0.105238262072591 0.112384119873253 0.11736929117093 0.122493372017487 0.127833236342617 0.134549396474187 0.141717186024539 0.144971268514183 0.151738695195816 0.165155324481616 0.171172221268974 0.173440346560478 0.170622098482964 0.169313902033873 0.171753167509649
-9999 -9999 -9999 -9999 -9999 -9999 -9999 -9999 -9999 -9999 -9999 -9999 -9999 -9999 -9999 -9999 -9999 0.259885340658449 0.255428108285214 0.240727327994163 0.226518481069841 0.212609578051155 0.177729545443355 0.144851285657958 0.121667403168278 0.0951240413944666 0.0661006941810383 0.0584890176033435 0.0526975912600105 0.0441585895845238 0.0415724419344955 0.0442782288225295 0.0562813107916661 0.0687596047309813 0.0751904067296894 0.0803495114016181 0.0841499570248822 0.0865418986310888 0.0882095941065231 0.0871118401239456 0.0892936577867895 0.0956911874327535 0.102402134245969 0.109166698542715 0.115330041956469 0.120785337362448 0.125140743931794 0.130729015773704 0.136751140648948 0.140296011119927 0.145700834912451 0.154625725568176 0.16194549504014 0.168452095584398 0.171350244591914 0.171289837727356 0.164475944533319
-9999 -9999 -9999 -9999 -9999 -9999 -9999 -9999 -9999 -9999 -9999 -9999 -9999 -9999 -9999 -9999 -9999 0.266012656859234 0.260016231896988 0.250078887491103 0.238306102431433 0.225414203939951 0.189915958341726 0.156674431180818 0.134168584095335 0.104848962891947 0.0704993774673016 0.0623190678552533 0.056303015023031 0.0467033403552467 0.0440976391293223 0.0477094008979518 0.0600723538499899 0.0731384839976499 0.0818030919057339 0.0865645943214576 0.0871560875035235 0.092734968781357 0.0982275987448153 0.093985710455271 0.0929271790804505 0.095960680855961 0.100631850148963 0.105968870686273 0.113018624537171 0.11875194160896 0.122440292659265 0.127096913497053 0.132121573793566 0.136159315478932 0.140474090657615 0.145313167391891 0.152239582436047 0.16022346197097 0.169479548014522 0.172282140381711 0.159956818879303
-9999 -9999 -9999 -9999 -9999 -9999 -9999 -9999 -9999 -9999 -9999 -9999 -9999 -9999 -9999 -9999 -9999 0.2732179629532 0.272895088315573 0.264861761814681 0.256057429644177 0.246782996302552 0.21055210164537 0.175936008054503 0.151014709887687 0.115505924934127 0.0721814010363557 0.071705159642673 0.0727856369037347 0.0605847369353662 0.0560286437686172 0.0582685877593874 0.0616908046331809 0.0658001233186425 0.0723016117101004 0.0780937148324659 0.0831279232148288 0.0952480711314119 0.107737841861481 0.11002263395372 0.108811866836069 0.103107747402299 0.10224636158331 0.103392607339091 0.110089983672112 0.115598202818451 0.119259173331543 0.123886122751265 0.128870722409221 0.132536477350198 0.136368055443628 0.140513463232323 0.142650300545937 0.143769577867216 0.158598831924059 0.167674878953836 0.162719173496242
-9999 -9999 -9999 -9999 -9999 -9999 -9999 -9999 -9999 -9999 -9999 -9999 -9999 -9999 -9999 -9999 -9999 0.283693687857438 0.281500209467603 0.275929988594374 0.266789871244108 0.255473099971862 0.21343275086843 0.175911902958594 0.157174609962627 0.125695268969946 0.0848096805114738 0.0866854025129654 0.0896377593071413 0.0775561731178537 0.0698244165173925 0.065959546848368 0.0659532619196424 0.0672158253746334 0.0713742514374589 0.0756167910671403 0.0799491961516889 0.0902770934976934 0.101887481976313 0.1120069939084 0.115507086862931 0.110498274715805 0.106664558275432 0.103757314615737 0.10772626288708 0.111611705615874 0.115367430002072 0.119803508371185 0.124478195489379 0.127757296901023 0.131487756767287 0.136072438038534 0.136998668811938 0.136071495432123 0.152174316831362 0.163297175996374 0.162050279737415
-9999 -9999 -9999 -9999 -9999 -9999 -9999 -9999 -9999 -9999 -9999 -9999 -9999 -9999 -9999 -9999 -9999 0.286361787379296 0.286928257215737 0.28423676498455 0.272304508414281 0.25473792993296 0.203114054671595 0.161550918425843 0.155390423331844 0.135536988120617 0.10557535183291 0.105824309295329 0.106764566549497 0.0968247292727676 0.0850064485441877 0.0715182797689445 0.0721812604053926 0.0751392538471489 0.0768208489956459 0.0775957439825282 0.0774019364699537 0.0797424882674913 0.0846181267109598 0.103544748468299 0.115370902580437 0.118069789544919 0.113167000553628 0.106308324732365 0.105782500861691 0.107006139978349 0.11094741234691 0.115072784665504 0.119236952691393 0.122118497359196 0.126031874508801 0.131898052992447 0.134274266493088 0.134882432128137 0.149062519253762 0.159090125656703 0.158830613112023
-9999 -9999 -9999 -9999 -9999 -9999 -9999 -9999 -9999 -9999 -9999 -9999 -9999 -9999 -9999 -9999 0.313184185273969 0.301247539859176 0.291218600930399 0.285986883345713 0.270844431004903 0.249659159267118 0.20348289068064 0.164985145335289 0.153320179029195 0.142514617362647 0.132343472762718 0.119192891008905 0.106845058076187 0.0988198903051173 0.0901017141418042 0.080767471293436 0.079717629548002 0.0802984140938006 0.0815800840144453 0.0821311112258594 0.0819015326222474 0.0825996888552282 0.0847589276707926 0.0959886612833181 0.105431026767693 0.112575827188469 0.113278768361979 0.112156779270355 0.11429377822535 0.113746474347116 0.109029347677214 0.110868840392241 0.115356318057248 0.118632611086693 0.122369349982258 0.126977508723071 0.129697024041377 0.131459735498244 0.141422318351945 0.150060557563309 0.15525004144008
-9999 -9999 -9999 -9999 -9999 -9999 -9999 -9999 -9999 -9999 -9999 -9999 -9999 -9999 -9999 0.314065764498595 0.313505448763176 0.303894046761084 0.294897724929061 0.287628100911913 0.269428503837947 0.244564632638863 0.203461765691001 0.167617541989295 0.149986188642501 0.145838364631752 0.151644153547263 0.130056664231331 0.108732160953842 0.100593254662804 0.0930636368631995 0.0860756609042422 0.0849061920932693 0.084954717352059 0.0858623951333794 0.0862650871383933 0.0861282612251274 0.0854897588085137 0.0851895353874304 0.0882965227556015 0.094308180056172 0.104053633463353 0.110175244890966 0.115057367191503 0.119093515772492 0.118070235736449 0.109187588829063 0.109301235581517 0.113065129203651 0.115762906235119 0.118645826761436 0.121879141823794 0.124731020740581 0.127389660651729 0.133850892700886 0.141107864083154 0.150058441490106
-9999 -9999 -9999 -9999 -9999 -9999 -9999 -9999 -9999 -9999 -9999 -9999 -9999 -9999 -9999 0.314657856540442 0.314985045447976 0.305207750106412 0.296793956626609 0.291863316145779 0.271375132947565 0.241401132278172 0.197073039676304 0.159072587287686 0.142019085770452 0.136699791303582 0.140042750766302 0.134121771003093 0.125241363242895 0.109445880481581 0.0926052604983381 0.0748355403325479 0.0806442067239251 0.0889820066491805 0.088661729907767 0.087714398832407 0.0860971339395573 0.0823670414370271 0.0787346030338459 0.0796762435691816 0.0832181245205928 0.0901024738996557 0.0978788766585309 0.105333761734797 0.105110170376082 0.108084579057339 0.116026792894322 0.117430974026494 0.116142502872277 0.114229586269656 0.113870550896566 0.116452323640576 0.119148478956897 0.121902581520202 0.128613852087768 0.134654865312445 0.138958808183689
-9999 -9999 -9999 -9999 -9999 -9999 -9999 -9999 -9999 -9999 -9999 -9999 -9999 -9999 -9999 0.322390062063892 0.320649986897958 0.311005398671246 0.301686559363221 0.293389814324185 0.269175474788654 0.235255785332711 0.194507222766353 0.158319712478352 0.136574247077251 0.130324396619728 0.135513491364069 0.140397593977736 0.13910715034391 0.114913800757567 0.0965916020990613 0.0834887060205143 0.0874078195609257 0.0931116420956098 0.0923573113256086 0.090800849269119 0.0883874042594888 0.0825798717635972 0.0766509522698386 0.0760201133115833 0.0773982298884757 0.0813587501566859 0.0883411047119519 0.0956848593982095 0.0952740830802845 0.0994224115125521 0.110652898731688 0.115298913387127 0.11709408577116 0.113376845624204 0.112129829770313 0.115557853111211 0.118664688299174 0.121608806660173 0.125209507145478 0.128467024533595 0.130894529839643
-9999 -9999 -9999 -9999 -9999 -9999 -9999 -9999 -9999 -9999 -9999 -9999 -9999 -9999 -9999 0.326095254789185 0.329909004897567 0.320816648834716 0.309261228673747 0.29249172643567 0.26326445433723 0.226441372724391 0.195363310751116 0.164541567015907 0.133387099556629 0.126422336841017 0.137314542565804 0.148652239986928 0.150606803403318 0.117352054319885 0.104556432788936 0.109948450875988 0.10404050002043 0.0973328880877455 0.0968551275578477 0.0953527107118126 0.0927555690862445 0.0857783673732777 0.0784800573307004 0.0768074173738143 0.0762956824119816 0.0772762280367747 0.0812725659787363 0.0861028241948379 0.0891502270736133 0.0919449056541272 0.0943469997893041 0.10398146550649 0.116142862811781 0.113133294902596 0.113105353636769 0.118720309439459 0.122744815055336 0.125963584203419 0.123445617185164 0.122516527987987 0.125547212772553
-9999 -9999 -9999 -9999 -9999 -9999 -9999 -9999 -9999 -9999 -9999 -9999 -9999 -9999 -9999 0.335256607156874 0.335269413956659 0.324498184542741 0.312176758775114 0.296665775918418 0.269939190036056 0.236374174392433 0.203069180839136 0.171556730116074 0.145170504203334 0.136472638769729 0.140832414931399 0.146480481118785 0.148285033512952 0.135174505514827 0.124422140520543 0.115766121949846 0.108858770163329 0.102969346625826 0.10062646374483 0.097455908933695 0.0934010839951247 0.0886989816535181 0.0838536382902862 0.0791340212788111 0.0762270146352792 0.0756500205894397 0.078047998398613 0.0812269652775608 0.0821230876511634 0.0849306263212597 0.0907073781288702 0.0991026038401603 0.1082690003519 0.106896335316942 0.107498398216153 0.111837745424811 0.117310455011319 0.123357336242202 0.123623703081798 0.123630003667014 0.123279594938422
-9999 -9999 -9999 -9999 -9999 -9999 -9999 -9999 -9999 -9999 -9999 -9999 -9999 -9999 -9999 -9999 0.339089210742199 0.328982058686653 0.317838994156206 0.304664875086357 0.280963156551273 0.250842500993102 0.212369481189614 0.178373309855117 0.158860557131187 0.147914364872108 0.143292053019368 0.143413291867392 0.145604323355006 0.153404912426346 0.144135361488059 0.119690893929917 0.11302296873023 0.109437071400604 0.105251883415637 0.100538304667833 0.0952602025259444 0.0926996667754135 0.0901089283922455 0.0823376887990864 0.0772037388672442 0.0754598821640998 0.0763665306819724 0.0779021617467332 0.0765628443513772 0.0793627831398163 0.0885926837649347 0.0945107395263552 0.0989738550934078 0.0999258613101123 0.101418109180221 0.103932794936398 0.110461433521953 0.119023576961318 0.123612456539462 0.125638966860512 0.12185314361257
-9999 -9999 -9999 -9999 -9999 -9999 -9999 -9999 -9999 -9999 -9999 -9999 -9999 -9999 -9999 -9999 -9999 0.343276136845453 0.34187212893159 0.327474266190196 0.30247294145372 0.271006424438805 0.22343035497314 0.183436331684871 0.168338289603042 0.153461030989356 0.138746755903768 0.14548874262246 0.153970193946667 0.159382772032384 0.15197954354924 0.133183391751525 0.124856032476212 0.11883178311369 0.114916633253 0.110903934743753 0.106787016974734 0.10247590027338 0.0975646301139226 0.0885866245504375 0.0825564806581789 0.0803156535168809 0.0789845162400482 0.0781139732696671 0.0793367076154766 0.0807511208739479 0.0824632900669603 0.0853847577529831 0.0888704029971881 0.0947940112371505 0.0990542930865321 0.100166635661121 0.105253216219377 0.112353181730948 0.120824481812507 0.125638966860512 0.12185314361257
-9999 -9999 -9999 -9999 -9999 -9999 -9999 -9999 -9999 -9999 -9999 -9999 -9999 -9999 -9999 -9999 -9999 0.367308999064352 0.360454392373683 0.344403966278007 0.318521746573263 0.286644839835735 0.235287373116867 0.19202522780008 0.175770216512854 0.159353591551751 0.142817662518749 0.155692732490632 0.169596324242269 0.174234319303056 0.172290643414023 0.164496030870311 0.146896711463855 0.130079318537548 0.126111807205617 0.121287611786121 0.115548150160659 0.109744672503516 0.103634766319191 0.0953843433790959 0.0886053383662266 0.0837177615210099 0.0805340327935533 0.0782622957921161 0.0805317368470693 0.0815392792457895 0.0805865756870114 0.0816005632660794 0.0835842844648951 0.0913662604427373 0.0967691716146576 0.0976695680773486 0.101542666147778 0.10692176177354 0.105290045659292 -9999 -9999
-9999 -9999 -9999 -9999 -9999 -9999 -9999 -9999 -9999 -9999 -9999 -9999 -9999 -9999 -9999 -9999 -9999 0.375133954034593 0.373172962154239 0.355008676316626 0.328695984017134 0.297415007343788 0.248000831699769 0.204407030669982 0.181001398555761 0.165618242912395 0.156157321983012 0.174640877258213 0.193032570793432 0.198631603930577 0.20601284444669 0.214978421609128 0.179918080534269 0.14332000147572 0.138953312108895 0.131690702583887 0.121334142915027 0.114316080616298 0.108214401054248 0.102772407430602 0.0954030324054385 0.0855561128260145 0.0809341597272034 0.078342320967782 0.0800283588804428 0.0816818036066153 0.0832846177518454 0.0835627169018401 0.0834803407734914 0.0897716690695027 0.0945687047102665 0.096537706981196 0.0994432092964007 0.102823151015001 0.103568626501246 0.10405635722938 -9999
-9999 -9999 -9999 -9999 -9999 -9999 -9999 -9999 -9999 -9999 -9999 -9999 -9999 -9999 -9999 -9999 -9999 0.397410125190832 0.39044344536156 0.368572543117763 0.34309426408449 0.31541647845841 0.269063894641607 0.228439316334435 0.207837376450647 0.19626841327882 0.191367641462681 0.202934509414089 0.214812297134069 0.220513495926264 0.227778852830452 0.236434706175583 0.216690609820475 0.191369835694389 0.163713483282437 0.143929914067074 0.132557487898861 0.125152173331812 0.118830681853063 0.113255464305122 0.104726462614943 0.0924005311576205 0.0866986798841078 0.0832806391561634 0.0816371248332657 0.0820532726136436 0.0856689200462453 0.0845096052993352 0.0816133065988663 0.0863223617015477 0.090704283193419 0.0944670858235889 0.0967164854907823 0.0981991815115206 0.101629274529191 0.10405635722938 -9999
-9999 -9999 -9999 -9999 -9999 -9999 -9999 -9999 -9999 -9999 -9999 -9999 -9999 -9999 -9999 -9999 -9999 0.409593560222237 0.405620633903971 0.381106292052509 0.356776468388363 0.332559150013568 0.29059777605812 0.25455729178512 0.238922488511975 0.231331159109907 0.229677564814119 0.232222949350294 0.235686320307886 0.240704188986499 0.245341293677924 0.249639908951326 0.250750651037171 0.242509899281158 0.189991969032769 0.157193380417277 0.1454625894444 0.137705931716782 0.130979250123556 0.124589367689548 0.115085755701904 0.101579612770993 0.0949529042739236 0.090456343083196 0.0847606762405857 0.0831059687725749 0.0877285278975254 0.0854532768509342 0.0805664149609049 0.0830700813982063 0.0865130495970117 0.0917336995079965 0.0934550065880454 0.0934035148998149 0.0912588788202848 -9999 -9999
-9999 -9999 -9999 -9999 -9999 -9999 -9999 -9999 -9999 -9999 -9999 -9999 -9999 -9999 -9999 -9999 -9999 0.402829580894269 0.396590134440661 0.380379274174061 0.357178393421757 0.32971552479311 0.300005396468864 0.274453689149118 0.261326248344346 0.253723797806657 0.250199924410703 0.251441989285715 0.252883561153857 0.252946209718172 0.253839436310468 0.255471025465332 0.257467460416817 0.251538258627302 0.205297571274632 0.174684688429642 0.160768276952484 0.151378286260676 0.143285749547672 0.136492780240065 0.128467089032448 0.118856800490913 0.111794498808774 0.105278736942509 0.0952678054547117 0.0888306135222577 0.0879449042559529 0.0882760330794113 0.0889658725220596 0.0847699370158854 0.0829937824270646 0.0857972000913311 0.0873650590724603 0.0883069728354649 0.0891447336213251 -9999 -9999
-9999 -9999 -9999 -9999 -9999 -9999 -9999 -9999 -9999 -9999 -9999 -9999 -9999 -9999 -9999 -9999 -9999 0.430455907335013 0.406967443792499 0.395147927428824 0.374082692147196 0.347380114025587 0.320187895160737 0.296070076062288 0.280918962633907 0.27288514547993 0.27010535421423 0.269946113603709 0.269528755983941 0.266980783755119 0.266753210604768 0.268588412716993 0.272166192895882 0.268291954549209 0.225243969165071 0.195778866239897 0.180825475945714 0.16766376785865 0.155473627246574 0.147171749614318 0.139069897184241 0.131225166333725 0.124156439914045 0.11701296655938 0.105769321501825 0.0967254133160108 0.0910985983247197 0.0925249423514737 0.0964544329030305 0.0869524941937823 0.0814134410296102 0.0833743729071581 0.0841722683731776 0.0843809590606329 0.0838018364670485 -9999 -9999
-9999 -9999 -9999 -9999 -9999 -9999 -9999 -9999 -9999 -9999 -9999 -9999 -9999 -9999 -9999 -9999 0.458598191006543 0.45136809891364 0.44246672907143 0.429974583155194 0.412348095497071 0.391591073057014 0.354317678441721 0.319912862486124 0.296872985965152 0.287863825440511 0.289212213939212 0.287524832426319 0.285459367995641 0.283335685728726 0.285382694146108 0.29113733960371 0.297196935642844 0.295045528424033 0.251197534463048 0.221536693058299 0.20703315582445 0.187331749540603 0.167507957878229 0.156265767678962 0.146076109588507 0.137239424600476 0.130719800319582 0.12474979551673 0.116263571718575 0.107429318624687 0.0980544333519123 0.0986199014672124 0.102763904121974 0.0897598729108475 0.0823428959231704 0.0854997350668266 0.0847296333194593 0.0819701077542347 0.0827756750384188 -9999 -9999
-9999 -9999 -9999 -9999 -9999 -9999 -9999 -9999 -9999 -9999 -9999 -9999 -9999 -9999 -9999 0.495984681305702 0.493583372626903 0.484647315866437 0.474889781315152 0.46347041287931 0.443110054388762 0.417298153761308 0.383069507664853 0.349187466927421 0.317877537496558 0.304366267760087 0.303994063085063 0.305151287690187 0.305981550450113 0.304910440625363 0.308818400442365 0.317152625457864 0.323624057300597 0.325397859766936 0.305166889172723 0.275509118979992 0.235779921958907 0.209129158406848 0.18700465014384 0.174362155354979 0.162894777101579 0.152937947601407 0.141567570157445 0.129887839308023 0.120069731947855 0.110063912802229 0.0997665002970238 0.10189667067016 0.108611085075444 0.0977603628243875 0.0914466435334025 0.0937194589650916 0.0892863035379476 0.081455842544296 -9999 -9999 -9999
