layers/veg/veg_2300.asc
NCOLS 255 
NROWS 330 
XLLCORNER -2985163.8955 
YLLCORNER -3022031.214 
CELLSIZE 25000 
NODATA_value -9999 
[rows 175 to 199 of 330, columns 112 to 167 of 255]
0.391187449578532 0.390424772096003 0.387881068151536 0.384235649731384 0.384593900385683 0.388211030687985 0.400599121547242 0.406552422065857 0.407689025605251 0.405320577640155 0.401290380467757 0.392582279448194 0.387072083854688 0.38444379503133 0.403066098508204 0.424933173882742 0.443270252109937 0.462236635618512 0.481884577219836 0.497289191907407 0.512035732542899 0.529944148691631 0.546800424995901 0.562285399496222 0.575209802545499 0.586958071137361 0.59430277685774 0.606014290954336 0.624606906523306 0.629105443349084 0.627782887113818 0.628097788087047 0.6269397240711 0.622951668779699 0.607725233634025 0.586718146840733 0.555468550194969 0.52310175540093 0.488620454866889 0.456206462181422 0.42508979075371 0.384774561425462 0.346876587414155 0.318205928835368 0.293273885528081 0.271179443772657 0.295881234973664 0.328977668351468 0.371426803933465 0.410422765898027 0.446264060242797 0.49912090561583 0.555328468921859 0.612196153800111 0.649511745153592 0.665361255872406
0.390040077642535 0.387147230015963 0.383482803196539 0.379341089832491 0.379396436527927 0.382524283747421 0.393836384962818 0.400892880348562 0.404763885196255 0.398805863377587 0.388531103928436 0.366445527220557 0.363832861319874 0.378768904969029 0.405108887807116 0.43074444981499 0.441838382961015 0.457332499600496 0.477592158113324 0.494918738240082 0.512429944400319 0.536994265507575 0.556210115707482 0.568455060050903 0.582405002191402 0.596331326006888 0.602505119544502 0.612478715581838 0.62843994018515 0.637596570522126 0.643750099219357 0.642953172573368 0.640762722717243 0.635894912193484 0.621902760561344 0.603217349033603 0.573495736839502 0.540490329514356 0.500268875016633 0.465619021451968 0.434465578126912 0.39262701564465 0.351344838252835 0.314043824845667 0.285300787521202 0.263053237014596 0.295179191117271 0.337100157170912 0.390048057486193 0.437809048316222 0.480831506650435 0.538014835269711 0.595958121849145 0.643692009744351 0.673365363278757 0.683210206561668
0.386095317000053 0.381359170526402 0.379023482047071 0.37817267847941 0.374880833538824 0.373465454663742 0.378056552487945 0.384914022600196 0.393467962678949 0.370752598571824 0.350098205802034 0.352022633547703 0.361606519171763 0.378092999017505 0.401809166490454 0.42474770400116 0.436755420446286 0.453084817401893 0.474094734946371 0.491852251727941 0.508688845497896 0.52477854763125 0.544980697096115 0.570542786567072 0.585777019281238 0.597250188943925 0.603977756694991 0.616729910705486 0.638975448855754 0.651183268578456 0.659060506844583 0.660678486872294 0.661433540221288 0.660530662125835 0.648227442809833 0.630060264265321 0.599854238051704 0.566364108247629 0.525709821768918 0.485027144270605 0.444326650232154 0.411012911729743 0.378782959683792 0.348194832575907 0.327154557177809 0.313361082228845 0.340677173999147 0.371895226152963 0.397826222003119 0.438875154445031 0.493735169192004 0.539322468117307 0.584920531646203 0.639900113656457 0.673365363278758 0.683210206561668
0.37759614788327 0.376533839621194 0.375645174362052 0.374863921886505 0.369163184176756 0.365564125305886 0.369132699237446 0.374836603550679 0.382138887741822 0.351667609703523 0.326793382428893 0.341029351638622 0.355873018474372 0.371264333745364 0.394298294000094 0.417095427534845 0.431363692978475 0.448553407724665 0.468907147108216 0.487334107357795 0.504710741113214 0.517802957805221 0.537823111202016 0.566872760203323 0.582651228938403 0.593845933741141 0.602242436690085 0.617193868375311 0.642474383888487 0.658905012092777 0.671497544736707 0.67776880634641 0.682707239356687 0.685084923580831 0.674874773218423 0.658189856236073 0.628270569181666 0.594807126660725 0.553624946359625 0.507407021932251 0.458028959595019 0.431811340782924 0.407031589689159 0.381533875285453 0.36586018210725 0.35764290149108 0.37796987026781 0.399256159381227 0.410066499507451 0.449538533689297 0.515194631628929 0.547243221259162 0.568846277684487 -9999 -9999 -9999
0.362171262239908 0.373172493623111 0.373910722922783 0.368300423325753 0.361617628407537 0.359422961955509 0.370634474010444 0.373733278888575 0.3707593991751 0.346220338493939 0.326493249549623 0.335251350485786 0.344806314560113 0.355079400331862 0.380383683363678 0.406925648287463 0.425502438337058 0.443590544413259 0.461149389848053 0.48060848184606 0.500372231465227 0.518795832302079 0.536857407152195 0.554447137036738 0.569644468854513 0.583867676466242 0.595628897699544 0.611898717442557 0.635273067810838 0.657708141295619 0.679565158068034 0.693893513232788 0.704897717762412 0.709515268593652 0.702012742467884 0.688276048807358 0.65981616435343 0.627157090577654 0.585302459511203 0.534305934666246 0.47757249301755 0.456278417376679 0.436512729395927 0.413638193530876 0.399778542546029 0.392761171247175 0.402785097854624 0.415312283842044 0.429092143285957 0.47479612278559 0.549664575024626 0.56522029604468 -9999 -9999 -9999 -9999
0.355973726179561 0.361108777726718 0.35848112998726 0.351051600660292 0.34604679322781 0.34521410051366 0.356154345052951 0.35094820168398 0.333655843575135 0.319782213563397 0.311536682452701 0.323115999653522 0.334043885194597 0.344384709812852 0.368667164439938 0.394351147835365 0.413958561866223 0.434122390920238 0.454888835546025 0.470222649189832 0.484948543901852 0.505508152527513 0.526046570987036 0.546557371337423 0.562296077927467 0.576276614876409 0.587795131935489 0.603615672553297 0.626215228436666 0.651953383240483 0.678811268993199 0.698211314532766 0.714508186222335 0.724842964456704 0.726533369681916 0.723777394759283 0.690704193808945 0.654384309209613 0.611948416611361 0.56283329745466 0.509526687124734 0.485365204188944 0.464081925706907 0.445093369682088 0.431963531479011 0.423280448444787 0.431798352001683 0.443206912965093 0.457295084513008 0.509490071914073 0.596497771151667 0.613765405234092 -9999 -9999 -9999 -9999
0.353221960485134 0.345684251231804 0.33790676535524 0.329980957495599 0.327703018051203 0.327981872414578 0.334637110464076 0.319239031915855 0.287333167128328 0.285783214592593 0.291119696866032 0.308384798023638 0.323172842369026 0.335728598436278 0.357628017305221 0.380580559386703 0.400049184705551 0.422826943159508 0.449188600453887 0.458410434346255 0.4652163796852 0.486637650170689 0.511237548394662 0.539980296996179 0.556769589615688 0.569411252968031 0.579280957439149 0.594002094511941 0.61636799113047 0.644394564531762 0.674603136858363 0.697888715864058 0.719100665972744 0.736328575910628 0.749547821385331 0.760705142175667 0.720692582090586 0.678978992084049 0.635912986063813 0.59136268966064 0.545880939595259 0.516128273315078 0.490972437162284 0.476162327214273 0.46333935102406 0.452024605401959 0.462419021548834 0.475734406483592 0.489603576671929 0.547882552437434 0.646732374379963 0.66248760112988 -9999 -9999 -9999 -9999
0.343481929573916 0.33357227965577 0.32680149644917 0.321972365973317 0.32204572859615 0.316545514543165 0.293677557538058 0.279531297753073 0.271913575873746 0.275877805816772 0.282178488656068 0.29192214100346 0.305512998578421 0.322570902646105 0.340690539639122 0.359834326851019 0.383259525309852 0.410667979283986 0.442390428567325 0.447612888000673 0.448894083624886 0.471203829442157 0.494390643865564 0.518720581770235 0.538367204778195 0.555846579306164 0.565058759711902 0.580313612167614 0.605090347874858 0.637277321838112 0.672353401878149 0.699680880110528 0.723770282227026 0.741638404663058 0.758939939348629 0.775950039996938 0.731876604422501 0.686219168357052 0.640007434160107 0.600773020337081 0.565917163897025 0.541950857338822 0.520352439274224 0.503479030476947 0.49125088931775 0.482548497052565 0.491033261979296 0.50555260329483 0.534983697021238 0.584284249184949 0.651736665140991 -9999 -9999 -9999 -9999 -9999
0.333610500268663 0.3230925088318 0.313198137227842 0.303689526875566 0.304495453994287 0.296734175874385 0.261716952433909 0.251960265290606 0.261112096130809 0.267594351830606 0.273536829308838 0.278681003107472 0.290757636859222 0.309081704668861 0.325506422404509 0.342922052431587 0.367277160219869 0.395838449559057 0.4289551703564 0.432570645052574 0.431911816528165 0.455525725344268 0.476754046919581 0.494873123935831 0.514383592424402 0.533665309704477 0.543846158903328 0.560998808992673 0.589137439056306 0.623967864231402 0.661392691451191 0.691233743406015 0.717922215293886 0.738553670110605 0.757744915556909 0.776195364840601 0.731377660694481 0.685012663232666 0.638295162365003 0.602554429847302 0.573702073887389 0.555269822645392 0.538079060394103 0.522344474612473 0.512739174986428 0.50778599135624 0.519304246721368 0.539695579893552 0.586392504416171 0.619699574491443 0.6407742621445 -9999 -9999 -9999 -9999 -9999
0.323495904665811 0.315633294055989 0.294971803901728 0.266393131623568 0.26493598219628 0.261424070360461 0.246409829590474 0.246849452675019 0.258856908649984 0.262312492681066 0.265449516066341 0.271401619035289 0.281377319157412 0.294979027660396 0.31356707971692 0.333104913437007 0.352788776611448 0.376066761941945 0.40323729849402 0.409673152694056 0.413708204873731 0.439395549644376 0.457656042605056 0.466236781169728 0.480071342181429 0.495538139485074 0.509697095297715 0.531271918093652 0.564532468501453 0.599199073461481 0.634311421382436 0.663837722884782 0.692610089467117 0.719933929260578 0.736957292619277 0.748682430891625 0.709258181779128 0.668174701898313 0.625836955754127 0.590217732904979 0.558814661558077 0.545449550274069 0.534239896549985 0.525569990976371 0.52234056834679 0.523240461446097 0.546940001364253 0.58184200810662 0.6489580197682 0.669545581769622 0.647626797492688 -9999 -9999 -9999 -9999 -9999
0.310215105895886 0.291635896881292 0.271583105470356 0.250618779564082 0.249545345147077 0.248065336027911 0.241383447355954 0.240890305018508 0.245029685917497 0.250968551487776 0.256824581161509 0.261517475205784 0.270771626129343 0.284136316712293 0.300722891099428 0.317849684357952 0.334690879048045 0.354419376521565 0.377274916841349 0.38467257773477 0.390217082422821 0.411421454296341 0.425813055864784 0.431325263445447 0.448459636552663 0.469931093952337 0.49812920980208 0.526380054457386 0.554713987773869 0.576490185741023 0.595685743353939 0.620777986786648 0.644569471978358 0.665861824807418 0.690454767887583 0.716745425649094 0.689934330685867 0.657757735811889 0.615631179144343 0.579835586112 0.548012934851093 0.530079878074066 0.517235911937287 0.516609447979586 0.527676211266462 0.547618110764445 0.578642077952118 0.617642467227487 0.682144023541871 0.713576850889603 0.714799541112449 -9999 -9999 -9999 -9999 -9999
0.295366568584697 0.259449655030157 0.245638273300073 0.245501019902255 0.246121853518994 0.245575774903369 0.241447551244676 0.23451110613048 0.225472595356697 0.236622983690378 0.247933444071856 0.250343590305725 0.259559191200921 0.274907770796048 0.287430670007908 0.299901796922362 0.314805738580803 0.331843243455256 0.351191466703263 0.358630666046694 0.364107860618971 0.377582868158471 0.387659419080201 0.393306606628694 0.418185099655874 0.450523360648473 0.497742345031313 0.533785200001738 0.552217004994778 0.554801254489403 0.551343877090021 0.569962396337565 0.585274891783134 0.594235560413548 0.63121956603439 0.682617851226309 0.671994728566046 0.650520111414003 0.606540688300468 0.57042123053085 0.539234226402771 0.51196243274226 0.493713395247309 0.501615004466067 0.530899677228308 0.576414052671405 0.612357584916352 0.650300733695972 0.700782826711381 0.721811056348155 0.715931531156388 -9999 -9999 -9999 -9999 -9999
0.265839066199309 0.249715435913839 0.24336613296717 0.243063072538155 0.240037765543366 0.236553185520135 0.232267245483059 0.226971997610109 0.220921242603778 0.227746211037212 0.234568340311184 0.235314556157164 0.241881233387339 0.253693227421385 0.270419806037502 0.286735695366296 0.296230876809282 0.312708216861037 0.336747461834695 0.343104626073947 0.345789930347327 0.354574889712466 0.362608343548758 0.369662325984163 0.398381540119419 0.432660970635834 0.446043300527757 0.463706985778144 0.488117117889203 0.508151166977995 0.526232586007438 0.538987856657859 0.551866392983348 0.564981758281402 0.593508103981265 0.629961349323806 0.625308574165115 0.610716614316183 0.574687824746232 0.549005927351699 0.529817133139705 0.511193581126597 0.498675070394085 0.504302530393456 0.519744126620845 0.542634632716843 0.579095131207967 0.61808028265776 0.660128945808667 0.694738448779114 0.722551862024665 0.726984916366711 -9999 -9999 -9999 -9999
0.24498517551936 0.2433994997927 0.241630566989011 0.239748274289304 0.234354859575322 0.228859819864205 0.223773427297349 0.21968949169755 0.216355935082834 0.217527147632109 0.219425367905304 0.221970509332299 0.227003151634075 0.234277494254243 0.252299226165919 0.27024044817574 0.277493906665493 0.292300040028326 0.315285965987757 0.320656369455842 0.322383470213602 0.330299427258778 0.33853205735104 0.34717742185595 0.374632143760856 0.405549630745888 0.400253198655335 0.40793301358181 0.436060456332092 0.467533587481185 0.499845136831705 0.509937325982027 0.521557325729284 0.536112691009085 0.558959729515157 0.586071731042453 0.585742621723939 0.576226128112538 0.546340286920071 0.528138221943492 0.517268210229406 0.505935669188746 0.495342807242413 0.487063598176688 0.490238641285669 0.502107439003243 0.54250000543743 0.585541546869282 0.624687624470818 0.667656015853334 0.714116305082125 0.716720070208947 -9999 -9999 -9999 -9999
0.24435219617984 0.244195290593702 0.240399575673812 0.234352951515389 0.229667403762411 0.224395351951276 0.21712544049253 0.21302723977653 0.211303190935697 0.204081708024524 0.200364826046773 0.212585167011624 0.218704899761617 0.219326851378634 0.231761483189074 0.24600979792602 0.258347556936626 0.268884689322588 0.277471684494779 0.282106661014782 0.287138959276325 0.302805341348289 0.316280386488679 0.326899362349744 0.341568591174089 0.35730442726545 0.369493059033626 0.387124322179978 0.41333194031226 0.441427591615815 0.469964238832113 0.484670961941337 0.497528758292572 0.506834232197238 0.530969440299011 0.562732574181174 0.563283053442505 0.554837726509905 0.526675776529056 0.508883386169673 0.497598323753614 0.489916264644071 0.47223609136313 0.423856891521603 0.419333212804117 0.448095787354775 0.500340285150859 0.554247063839368 0.602930874824987 0.650230047014862 0.696264274067898 0.707756138858025 -9999 -9999 -9999 -9999
0.245332925661755 0.243043906841441 0.238175183700851 0.231710696739019 0.227537613254338 0.222159205730392 0.212776879925975 0.20766671135294 0.205754422701678 0.196748284737667 0.190431341415744 0.197698046150374 0.202742909335051 0.205785480596763 0.213692711399703 0.223820381425962 0.240781247991041 0.251488939753469 0.255424239771846 0.255484219540697 0.256303286645747 0.270362327336427 0.282909452661488 0.293486029794501 0.304918014644139 0.317511422855743 0.34175401822892 0.366407906492138 0.391709899244356 0.416128405390493 0.440148516423814 0.462925447368524 0.480329439620479 0.487410464432082 0.50571055290056 0.529781357402289 0.539136185603453 0.538463939650984 0.514761176586143 0.483423740681465 0.44729523150826 0.431315344258928 0.410228482737948 0.369491998929617 0.370853327824993 0.404166812795022 0.449342701520874 0.50218525070993 0.578936077356081 0.640827217340649 0.689143200804022 0.696844067231007 -9999 -9999 -9999 -9999
0.247290535168871 0.240713775163036 0.235349423471918 0.230735048167624 0.226956139341094 0.221272003582795 0.209820307512272 0.203094198503219 0.199905379711732 0.193114851546994 0.186023041858997 0.179480350722021 0.182141573189827 0.193097231357119 0.197118564045552 0.202866652833368 0.224171437677484 0.237737235523847 0.242921458681349 0.236082107224222 0.228136562724473 0.234923414099017 0.242807325609698 0.252121085587423 0.266095985623208 0.28283506918969 0.315843839638571 0.345747351130902 0.370757677455227 0.391317632075254 0.410372248923624 0.443311325690904 0.467264297211589 0.473952364518638 0.482105155797921 0.491011352741827 0.513967888611584 0.525125816297245 0.50753808766015 0.45420793138622 0.378447922098866 0.346937138830239 0.324671703047173 0.320479615681366 0.335949042861714 0.366341520459536 0.392995000167682 0.437551659028163 0.553586447971548 0.6362813013084 0.68851825505607 -9999 -9999 -9999 -9999 -9999
0.242637718203309 0.238274487015819 0.234706111845879 0.231629421891928 0.225595818523264 0.218601589906347 0.209379854590833 0.20232006076425 0.196878566289738 0.188010097440564 0.178679610886338 0.169203752547003 0.169407009469315 0.178332947048248 0.18343414336924 0.189596320875695 0.204900441858788 0.218174577729346 0.229250173682093 0.220320232548647 0.207701178518278 0.205524426332597 0.209936069491038 0.222934668526172 0.238900228155913 0.256626446802585 0.284724325624041 0.310537122477453 0.33274914743063 0.353432214646873 0.373727048975038 0.403971853580785 0.429916040591641 0.447597498778637 0.459559646015324 0.468579968478616 0.49654129840814 0.509020355095443 0.483752570348188 0.440816377601544 0.38679252739542 0.355613717857341 0.327187210141653 0.302044374498445 0.293078341706219 0.296390470088811 0.29989680281446 0.328394043717987 0.453972810491467 0.517050177604183 0.523029013468449 -9999 -9999 -9999 -9999 -9999
0.238426117679033 0.235317486112302 0.233232260404836 0.231780097189 0.223985731031981 0.215983858382052 0.208649777027701 0.201664286702438 0.194939730652869 0.184463243483234 0.173118139852957 0.16023215870508 0.156574536091345 0.16123337859887 0.167048213046091 0.173867743952356 0.184778001457633 0.198213388062367 0.214383571631129 0.203491026291281 0.186923104966433 0.179268135917717 0.18111759631638 0.195354612718431 0.212046361027949 0.229997395232491 0.253915068802915 0.276684398843086 0.29764419943382 0.319212036318783 0.341123711354369 0.36668919546191 0.392737435979245 0.419713191025387 0.43613305253874 0.447123310841163 0.473734828736392 0.484510610044148 0.456874710537157 0.430194960810604 0.404115234654132 0.375079595789999 0.34224081692898 0.298662427534403 0.26553201350949 0.240331592000463 0.226730833816751 0.244126350267196 0.376279078315407 0.4393704748962 -9999 -9999 -9999 -9999 -9999 -9999
0.236664361507381 0.230898654067005 0.228989825803461 0.2294668012946 0.221800824450577 0.213837160532906 0.20663901609214 0.20066498263537 0.195607245027681 0.185638590722244 0.173182933598099 0.153568534669887 0.142048938946557 0.137824264445434 0.142412878537251 0.149724872072207 0.162697126393098 0.178155506398 0.196306441399116 0.182953822215442 0.163775794885422 0.1609198504712 0.162597434774306 0.170183773641778 0.184082613770219 0.200644390668419 0.224929265338813 0.249329454518454 0.27391135326055 0.297828295387642 0.321319908766311 0.33883499759941 0.360405793517354 0.389768774416096 0.409994868219265 0.425521248885131 0.434143324054877 0.436449021488413 0.424122888380062 0.424658097832169 0.433264332177087 0.408705472103342 0.377353530333912 0.332863556639048 0.283267281997279 0.229795335097476 0.217201778246348 0.239078234056096 0.374647824609485 -9999 -9999 -9999 -9999 -9999 -9999 -9999
0.239828514260277 0.233241497148137 0.228685472046827 0.225385786110683 0.219670365057193 0.213015108362652 0.204084423551024 0.197708523872559 0.193244982667649 0.182536407117938 0.169058392552343 0.147974381808578 0.132809448353253 0.122978702948513 0.126034282149679 0.132354686046388 0.143242636200747 0.158658515237557 0.178978288559901 0.160786618702906 0.136267770641358 0.137745933666722 0.140839532248903 0.146038601605601 0.159846227037407 0.177122823652779 0.202778736551507 0.227845880564294 0.251985258094355 0.277164019660724 0.302325457925552 0.309424339653229 0.324371706238234 0.354398279617004 0.378761204326729 0.400210935103275 0.390081300016573 0.387408496255611 0.404094569692421 0.430139627575798 0.462057835644283 0.454176259686398 0.430967693411547 0.370522770688981 0.300955252968094 0.224463703795887 0.21216372904091 0.208915072908933 -9999 -9999 -9999 -9999 -9999 -9999 -9999 -9999
0.246603954303911 0.24054146627894 0.231268208068416 0.220008818788468 0.217579822040892 0.213164181760935 0.201131136637858 0.193317233896463 0.18866152734934 0.176298275812033 0.161862562183387 0.143164280726793 0.127445313496174 0.114411261763141 0.115708873893886 0.119949698266122 0.125713603919777 0.139572724685842 0.16219922677801 0.137424428368683 0.10556281525691 0.111034245161686 0.116707973806814 0.122645367618735 0.138342446590625 0.157876405980735 0.185639291190047 0.21066673154427 0.231383730038377 0.257027198985848 0.283924359849436 0.278872608129595 0.285623278901691 0.315049812933831 0.343791937339561 0.372182024024031 0.342741844344134 0.337650291984386 0.393394118628141 0.443698972441683 0.490590645640713 0.508330800498242 0.498145657827513 0.410717179441964 0.318608549135833 0.222947692834684 0.210418130925586 -9999 -9999 -9999 -9999 -9999 -9999 -9999 -9999 -9999
0.253970387424822 0.242381086590353 0.234226338654273 0.2281961501936 0.224445584255197 0.217723137133663 0.201807424121603 0.190224617787564 0.18188516475681 0.171945611515575 0.160202093671002 0.142341702976619 0.12668477730755 0.113013582899478 0.109750499104405 0.1089155621654 0.110689974862163 0.122169599928361 0.144160285727609 0.126207641698416 0.101284465368901 0.100218604173875 0.0997552932809508 0.100077313654198 0.107008414717662 0.117067311564545 0.139711720987151 0.162666713498717 0.186111114650787 0.213392465328616 0.241752630779629 0.249342767883436 0.263977221349859 0.292145841611982 0.30854730844056 0.31889613994577 0.305123945078232 0.311642376463413 0.367593872056701 0.429887236321847 0.496160385720379 0.540668470909815 0.546610157792751 0.441865278587046 0.334151219534882 0.224183558887416 -9999 -9999 -9999 -9999 -9999 -9999 -9999 -9999 -9999 -9999
0.257048956480702 0.24432948290945 0.237959661655615 0.235517633740712 0.230298098899551 0.221677146764498 0.203619322159288 0.188794429470099 0.176389515143775 0.168524410735676 0.159186095697684 0.14209842072561 0.126708617199952 0.112848911211386 0.105351530576353 0.0996872253117226 0.0974216263038751 0.106223402756516 0.127011506884688 0.11687615189998 0.100154827519563 0.0928495656815523 0.0866835159374426 0.0820022532277438 0.0809532593475617 0.0823195750276295 0.0998245984043564 0.12012699596084 0.144837421973973 0.171373518858421 0.19847256431836 0.217682950359454 0.239392995806819 0.265905609111079 0.27196649488985 0.267507687087353 0.270677401961634 0.287549633195359 0.336549342411686 0.404137937220333 0.48339182728412 0.544657206490089 0.562884836490437 0.456227335501436 0.405577522824113 0.397437434129615 -9999 -9999 -9999 -9999 -9999 -9999 -9999 -9999 -9999 -9999
0.244033086027324 0.24904537245415 0.244393728621121 0.233764132137293 0.228527583501871 0.221486040798862 0.208053391111266 0.192942218810441 0.176574605448959 0.167726943894266 0.158152425912572 0.142267326928202 0.127635251399855 0.114132382742869 0.104820633004745 0.0965351764750564 0.0895514158843135 0.0949297476380446 0.113696627573323 0.109246514947861 0.0992064703870936 0.0913245179805505 0.0848366560945522 0.0801657759108911 0.0786560316366625 0.0793031542628283 0.0947219836877845 0.111109542905891 0.129023600983504 0.145503406758129 0.161397192905614 0.177712747794164 0.196546235974313 0.220217401424295 0.230569420860789 0.234070511217995 0.243733254503678 0.260241272032454 0.292675623466115 0.346152542157005 0.412834542925711 0.453383618311908 0.468365280866084 0.412504902057711 0.391143421110672 0.395966534993469 -9999 -9999 -9999 -9999 -9999 -9999 -9999 -9999 -9999 -9999
