layers/veg/veg_2700.asc
NCOLS 255 
NROWS 330 
XLLCORNER -2985163.8955 
YLLCORNER -3022031.214 
CELLSIZE 25000 
NODATA_value -9999 
[rows 250 to 274 of 330, columns 56 to 111 of 255]
-9999 -9999 -9999 -9999 -9999 -9999 -9999 -9999 -9999 -9999 -9999 -9999 -9999 -9999 -9999 -9999 -9999 0.842620399395632 0.773806940165464 0.759189208966787 0.762386205172965 0.64070315142683 0.54881387948791 0.512484833486809 0.452824810135959 0.381521431825081 0.411455265721966 0.435634108539416 0.443067339099502 0.41733957900018 0.371388113050324 0.398782506991003 0.413868771107898 0.379702018162329 0.383068222587429 0.414147568436647 0.353408160907141 0.28571559083221 0.233014356712543 0.202299058551073 0.191132922588467 0.188931536572574 0.187722995555955 0.183375539721566 0.177224477454044 0.169146057843683 0.170174746509246 -9999 0.123358817150697 0.122277480378166 0.119805839184941 0.113451047409276 0.106775451518223 0.111886008174311 0.114995376879285 -9999
-9999 -9999 -9999 -9999 -9999 -9999 -9999 -9999 -9999 -9999 -9999 -9999 -9999 -9999 -9999 -9999 0.869800307208324 0.864031350492524 0.84942563988824 0.858063114374723 0.87185394297966 0.754438119003303 0.655430658359109 0.590751596590171 0.509956166467784 0.42111784150251 0.446801083704558 0.46455016031199 0.460082802992318 0.43792074643257 0.404967323709476 0.440499275543962 0.463726962985628 0.43862142668229 0.431022390324369 0.436349596469466 0.409846515382918 0.366094542427333 0.272155523211922 0.215788960490159 0.192830575050489 0.192419560261878 0.195274683451297 0.194115834889751 0.189563360130724 0.181384412184193 0.176571199550724 -9999 -9999 0.122277480378166 0.119805839184941 0.113451047409276 0.106775451518223 0.111886008174311 -9999 -9999
-9999 -9999 -9999 -9999 -9999 -9999 -9999 -9999 -9999 -9999 -9999 -9999 -9999 -9999 -9999 -9999 0.869800307208324 0.874108672117668 0.885016490314877 0.896517159037526 0.905097995526306 0.815063237015887 0.733859830297092 0.669125360085046 0.578684588716994 0.475415053916451 0.481720339706535 0.482066055966173 0.464906296600193 0.459190417669671 0.460453753386034 0.488292867154657 0.506674909507976 0.492780106941951 0.479208059572392 0.465874324369837 0.46843254812113 0.446196016001936 0.324327554876709 0.247042638311287 0.209399925091549 0.206055291681244 0.208417390638149 0.208399979134395 0.204027013164028 0.194999644919892 0.194099491132759 -9999 -9999 -9999 -9999 -9999 -9999 -9999 -9999 -9999
-9999 -9999 -9999 -9999 -9999 -9999 -9999 -9999 -9999 -9999 -9999 -9999 -9999 -9999 -9999 -9999 -9999 0.929300946713463 0.915229915065787 0.909990643172377 0.906661219703834 0.851969450963016 0.798348590945342 0.746724789609296 0.651605781201802 0.534780432446837 0.516491008237596 0.495754908569814 0.465972082485899 0.481266531478345 0.524052003312995 0.536889110367561 0.544534949978725 0.542788853966125 0.525861465788036 0.497724694543538 0.526318797280905 0.524374505580637 0.383149542380301 0.28784351780257 0.233367084507187 0.224691147687987 0.224349574151228 0.224432511390451 0.219532469656018 0.209307551641672 0.214486830490975 -9999 -9999 -9999 -9999 -9999 -9999 -9999 -9999 -9999
-9999 -9999 -9999 -9999 -9999 -9999 -9999 -9999 -9999 -9999 -9999 -9999 -9999 -9999 -9999 -9999 -9999 0.936110675565711 0.939280357240977 0.926696307326927 0.905776690311328 0.822583021964324 0.774573581361571 0.792176611695455 0.700267402562953 0.553705966159378 0.55237507670664 0.544856634597656 0.518070231075173 0.523793931567508 0.549344385353155 0.518023404327724 0.495167948462124 0.507389646013378 0.508578757983849 0.501621759818249 0.521746367624229 0.531565138794356 0.490841597280248 0.414187811172888 0.305586047925327 0.274375793058549 0.258746672094024 0.251394949443043 0.241337072446374 0.228387363643607 0.224192072771827 -9999 -9999 -9999 -9999 -9999 -9999 -9999 -9999 -9999
-9999 -9999 -9999 -9999 -9999 -9999 -9999 -9999 -9999 -9999 -9999 -9999 -9999 -9999 -9999 -9999 -9999 0.933103832646682 0.954477377005234 0.96145238900199 0.758784889818622 0.751002279361029 0.754422845882896 0.778735390745337 0.706284573479438 0.585543872961044 0.590879214731259 0.589768366372984 0.56946028750641 0.564856270235231 0.569829600203944 0.515105362939089 0.474815074797766 0.48736497755718 0.497455891479611 0.505731166289819 0.517388591497515 0.532604668894456 0.559595103453574 0.496996791798756 0.354739150004011 0.309958739541484 0.285191351610515 0.27280790066779 0.258766933907062 0.24295472413898 0.239176113440023 0.236462364475134 0.21962378564229 0.214892236470692 0.225727028227359 -9999 -9999 -9999 -9999 -9999
-9999 -9999 -9999 -9999 -9999 -9999 -9999 -9999 -9999 -9999 -9999 -9999 -9999 -9999 -9999 -9999 0.924661720132721 0.934039052015075 0.95778036304604 0.963746674283854 0.759269760808786 0.767110988745597 0.741218477735252 0.652418405349882 0.630568407228613 0.642129931804039 0.634405038488834 0.62664945853638 0.619493198177882 0.603110638396106 0.581101287559089 0.542752983398041 0.510071347684379 0.496807506060034 0.498139118866044 0.510247550796193 0.513442225276557 0.52185485291332 0.553718089156055 0.496364988028923 0.359683690306093 0.318514044730038 0.296394242576438 0.283584577458791 0.267812065247201 0.248873416012969 0.241949625823001 0.236462364475134 0.219623785642289 0.214892236470692 0.225727028227359 0.228375866850405 -9999 -9999 -9999 -9999
-9999 -9999 -9999 -9999 -9999 -9999 -9999 -9999 -9999 -9999 -9999 -9999 -9999 -9999 -9999 0.910809308166114 0.912590454531163 0.923566356482727 0.948626571454056 0.9546489659539 0.774241101250083 0.775121242168554 0.740731511185571 0.640569597794769 0.634696251295647 0.675877738228266 0.672686224837609 0.66807137992648 0.661725795365453 0.632464841434939 0.589228620771754 0.561866752992861 0.540347837849201 0.53273372744768 0.53351777976418 0.5405027682022 0.540671976082681 0.545708817824381 0.571953188081976 0.515635211905144 0.385905546317662 0.342688058766173 0.316473397191252 0.297419606151799 0.281410303664153 0.268654381325148 0.252947835407134 0.236462364475134 0.219623785642289 0.218308811661879 0.236952963274607 0.24311883175255 -9999 -9999 -9999 -9999
-9999 -9999 -9999 -9999 -9999 -9999 -9999 -9999 -9999 -9999 -9999 -9999 -9999 -9999 -9999 0.91004825508074 0.901939464711185 0.907240120792139 0.933081055454039 0.945822444811878 0.774089436525921 0.770082534935129 0.746769998376548 0.687455807257157 0.679793030076622 0.697906959017827 0.708276323818102 0.711823256129664 0.699955956645835 0.657252261287699 0.595742547555209 0.576601699711435 0.568069140813301 0.582249054398307 0.586699090413425 0.583964894435558 0.583898572463471 0.587318404410559 0.602560506145359 0.545117408702818 0.423045052315995 0.374876222649557 0.341107070854988 0.312823912476363 0.297344796808703 0.2955482480712 0.268166237355538 0.236462364475134 0.21962378564229 0.223478473219794 0.253939062399569 0.254066146802538 -9999 -9999 -9999 -9999
-9999 -9999 -9999 -9999 -9999 -9999 -9999 -9999 -9999 -9999 -9999 -9999 -9999 -9999 -9999 0.913516924965651 0.915146209136966 0.917810600209277 0.922060543987731 0.924289316665488 0.759762523961737 0.759029661187768 0.749965989235061 0.725366805771577 0.714301425392172 0.709990107258204 0.713413857324323 0.716586024932858 0.718911205261322 0.685722103225902 0.630874106635828 0.618986443634372 0.617847683643123 0.639716869737051 0.647859008756657 0.645865533011103 0.65534704683267 0.667249387490044 0.68307044830069 0.657540037263266 0.595241274318659 0.485616512738085 0.383302588716417 0.360902378582547 0.345359703690301 0.33714508033908 0.336131286882534 0.336809478122317 -9999 -9999 -9999 -9999 -9999 -9999 -9999 -9999
-9999 -9999 -9999 -9999 -9999 -9999 -9999 -9999 -9999 -9999 -9999 -9999 -9999 -9999 -9999 0.885090457615173 0.902929861673611 0.913118136911888 0.911586590753743 0.911147047406273 0.776398167290954 0.767005861885838 0.759063135508848 0.753823622132425 0.737937084541389 0.716737135499971 0.718257123416665 0.722002384069677 0.73007392471002 0.706612009999139 0.663918965192535 0.658876867882721 0.663689212399927 0.689919163046505 0.70265388160716 0.705424150213738 0.720423706525628 0.735576047252103 0.74584537757611 0.742713493841178 0.727665696778834 0.574541990699739 0.423000266456913 0.404956238596966 0.387915807678368 0.371947833532282 0.353544946484541 0.336809478122317 -9999 -9999 -9999 -9999 -9999 -9999 -9999 -9999
-9999 -9999 -9999 -9999 -9999 -9999 -9999 -9999 -9999 -9999 -9999 -9999 -9999 -9999 -9999 0.88256715641052 0.867616089270629 0.870917023142324 0.902175948182508 -9999 0.776933936787634 0.784805555606863 0.782277026307892 0.760354027955846 0.736369970756886 0.71135733942713 0.723956523086496 0.730954360157042 0.72376963348843 0.709367599966832 0.690563988328133 0.691451714529906 0.699084564221877 0.722513814646076 0.741971783134031 0.75849748340642 0.768975113105177 0.774473769093346 0.76408556099365 0.759141441782637 0.759038025142226 0.60781232641001 0.455888441325694 0.437815152290494 0.415911583393803 0.389914927512856 0.361908454754756 -9999 -9999 -9999 -9999 -9999 -9999 -9999 -9999 -9999
-9999 -9999 -9999 -9999 -9999 -9999 -9999 -9999 -9999 -9999 -9999 -9999 -9999 -9999 -9999 -9999 0.837335023929294 0.837335023929294 -9999 -9999 0.762117380344264 0.768378730225795 0.767956882991948 0.755072034447286 0.730969498406067 0.701268760652374 0.721273582778065 0.732024905688469 0.719778154655715 0.712617448111495 0.708558538758296 0.707335417085856 0.71054548147557 0.72602690169684 0.742836313333053 0.760626271573383 0.761142117351722 0.757691445456247 0.747138765353003 0.745291268261438 0.751184130051555 0.618719558551837 0.483052863957227 0.456997404548031 0.428638097318422 0.397816868279326 0.391835937484335 -9999 -9999 -9999 -9999 -9999 -9999 -9999 -9999 -9999
-9999 -9999 -9999 -9999 -9999 -9999 -9999 -9999 -9999 -9999 -9999 -9999 -9999 -9999 -9999 -9999 -9999 -9999 -9999 -9999 0.761257636538887 0.739815744633868 0.730136976659648 0.742394390790764 0.723168990461175 0.68823205013 0.713342525456463 0.728160949649214 0.717234709436265 0.716176747406337 0.721137096387514 0.712768925841315 0.707021237833381 0.711332250326836 0.719625490730504 0.730859081508616 0.718007291568878 0.706048284066602 0.708161679373841 0.712484201463776 0.718771005532651 0.61562542775573 0.50663369041235 0.467616806843422 0.431804646747362 0.399417095925108 0.392510859018051 -9999 -9999 -9999 -9999 -9999 -9999 -9999 -9999 -9999
-9999 -9999 -9999 -9999 -9999 -9999 -9999 -9999 -9999 -9999 -9999 -9999 -9999 -9999 -9999 -9999 -9999 -9999 -9999 -9999 0.85220141263943 0.791843708188376 0.758433615492749 0.775276136154637 0.763233749063559 0.736776310733358 0.739502979897242 0.739854230794995 0.733731305756333 0.732529831344196 0.734329774195221 0.717851040881602 0.70540885416425 0.708039858529951 0.707542971793189 0.704736549795838 0.699237355836711 0.694447343886377 0.693505082715822 0.692870700717019 0.692510074626433 0.599627943677776 0.502092627487769 0.465179950658775 0.435282874898048 0.412882761880941 0.40771316312212 -9999 -9999 -9999 -9999 -9999 -9999 -9999 -9999 -9999
-9999 -9999 -9999 -9999 -9999 -9999 -9999 -9999 -9999 -9999 -9999 -9999 -9999 -9999 -9999 -9999 -9999 -9999 -9999 0.831656233280551 0.843213099903139 0.800110595416411 0.779285535154863 0.800004037321113 0.799758646034431 0.789051196122532 0.773198666911868 0.760110978132036 0.753557727980651 0.749747216279059 0.747609402965864 0.722572991052666 0.703617651745298 0.706503036789284 0.699391117554706 0.684897506954974 0.685846098157493 0.687190986008598 0.683129063326818 0.679062685604313 0.674992346607933 0.589138103344657 0.499447318692465 0.464739516803227 0.439325092798002 0.423841693530482 0.420767355469629 -9999 -9999 -9999 -9999 -9999 -9999 -9999 -9999 -9999
-9999 -9999 -9999 -9999 -9999 -9999 -9999 -9999 -9999 -9999 -9999 -9999 -9999 -9999 -9999 -9999 -9999 -9999 -9999 0.815573232120658 0.8056473605722 0.774590610500028 0.763758518915751 0.790641901062662 0.815465963047236 0.839262318593841 0.822072256544773 0.802584770282443 0.779239580664206 0.766802114041027 0.761016878758487 0.726295625365914 0.700883271126399 0.707761121520167 0.700582598403049 0.683025296359177 0.68328240700918 0.684317705289455 0.680313771412218 0.679749308454216 0.682243108515184 0.597845904116702 0.508483824655638 0.473053217160468 0.444983278974098 0.424779047950839 -9999 -9999 -9999 -9999 -9999 -9999 -9999 -9999 -9999 -9999
-9999 -9999 -9999 -9999 -9999 -9999 -9999 -9999 -9999 -9999 -9999 -9999 -9999 -9999 -9999 -9999 -9999 -9999 -9999 0.772235210732384 0.775700506921247 0.761975371070002 0.759846473212644 0.779342544187307 0.810152275514489 0.846608103934255 0.835028669492499 0.818544371827207 0.792453284936429 0.780114491786113 0.776162732251101 0.732419279138172 0.699703713768544 0.706271575812988 0.70270766519828 0.691662776044971 0.673875692963994 0.658349125615613 0.654266312357275 0.65347202456049 0.655601784107665 0.609229057183239 0.552903152754075 0.490439774538759 0.458172173486947 -9999 -9999 -9999 -9999 -9999 -9999 -9999 -9999 -9999 -9999 -9999
-9999 -9999 -9999 -9999 -9999 -9999 -9999 -9999 -9999 -9999 -9999 -9999 -9999 -9999 -9999 -9999 0.769832408101833 0.769832408101833 -9999 0.761705629188715 0.75152347564752 0.759132963574595 0.764730506060169 0.766576119904129 0.788919270182122 0.821491743001124 0.820784814780445 0.81442463674768 0.796224794545562 0.790592639350093 0.792625068360041 0.740361237631701 0.699701632280654 0.702701235058901 0.705539741563369 0.708259299705361 0.659286721526239 0.614890354027281 0.610625010387757 0.606774831635255 0.603293803676749 0.6226382686767 0.624118078988562 0.514697254472422 -9999 -9999 -9999 -9999 -9999 -9999 -9999 -9999 -9999 -9999 -9999 -9999
-9999 -9999 -9999 -9999 -9999 -9999 -9999 -9999 -9999 -9999 -9999 -9999 -9999 -9999 -9999 -9999 -9999 0.766743875912175 0.758924401858816 0.753205141023441 0.747980165297894 0.731793715160584 0.719818278583943 0.715695650568894 0.724411996211818 0.739535648560383 0.744044612853512 0.743994382963673 0.733832276509478 0.727618483504521 0.723812626095434 0.685025333198111 0.653685897800936 0.650392777533867 0.650594248365005 0.6533760140652 0.626090871260256 0.601344448103819 0.59948109740001 0.598023465161981 0.59692658427471 0.624152432155632 -9999 -9999 -9999 -9999 -9999 -9999 -9999 -9999 -9999 -9999 -9999 -9999 -9999 -9999
-9999 -9999 -9999 -9999 -9999 -9999 -9999 -9999 -9999 -9999 -9999 -9999 -9999 -9999 -9999 -9999 -9999 0.759263479912777 0.757851522237119 0.743710233309001 0.724159462414421 0.695685759983203 0.672808420488515 0.660367325415417 0.652540413235505 0.647016215102694 0.658584352675815 0.666476327001113 0.665323983739477 0.659715381329501 0.651389065352539 0.628272000233578 0.608288586223376 0.600119076268398 0.597701568114709 0.599531155062443 0.596236481225045 0.592963835126789 0.592058411974021 0.589267634354402 0.584800462318601 -9999 -9999 -9999 -9999 -9999 -9999 -9999 -9999 -9999 -9999 -9999 -9999 -9999 -9999 -9999
-9999 -9999 -9999 -9999 -9999 -9999 -9999 -9999 -9999 -9999 -9999 -9999 -9999 -9999 -9999 -9999 -9999 0.760140525057505 0.760949049906131 0.745861805266431 0.723744706885214 0.681906473490137 0.642234957599105 0.606603993352276 0.57347680693787 0.541599134146789 0.570160609317271 0.594202205356606 0.605754439760971 0.608946057716628 0.607038833797372 0.597241990299088 0.587987652010278 0.581774783578786 0.581267663099313 0.584973485350761 0.588511124012961 0.589844496047224 0.583025530183118 0.58117012227874 0.583728144842944 -9999 -9999 -9999 -9999 -9999 -9999 -9999 -9999 -9999 -9999 -9999 -9999 -9999 -9999 -9999
-9999 -9999 -9999 -9999 -9999 -9999 -9999 -9999 -9999 -9999 -9999 -9999 -9999 -9999 -9999 -9999 -9999 -9999 0.762962082681538 0.747635715239773 0.725398816478473 0.680010401804735 0.634497565642093 0.588752705022811 0.546206200010674 0.505255838574698 0.529319634215956 0.550937073154953 0.564672805693974 0.570725640385923 0.572092949614091 0.571380787043334 0.569885935685171 0.566519695539851 0.567135850767801 0.570692480019586 0.575980726897666 0.579135731854371 0.573556338211241 0.570308659995085 0.569134265498584 -9999 -9999 -9999 -9999 -9999 -9999 -9999 -9999 -9999 -9999 -9999 -9999 -9999 -9999 -9999
-9999 -9999 -9999 -9999 -9999 -9999 -9999 -9999 -9999 -9999 -9999 -9999 -9999 -9999 -9999 -9999 -9999 -9999 -9999 0.749065366319401 0.728938806166399 0.688946509570314 0.647576461389946 0.603637145910638 0.566147654176843 0.531876955473998 0.531852871638701 0.534115170704047 0.540443880349018 0.543944215530075 0.545719625971071 0.550231224736407 0.553788922901999 0.554080581097165 0.555102517801361 0.556663668919169 0.559070281508975 0.561508804850569 0.563689426409076 0.566049901756382 0.568570297104182 -9999 -9999 -9999 -9999 -9999 -9999 -9999 -9999 -9999 -9999 -9999 -9999 -9999 -9999 -9999
-9999 -9999 -9999 -9999 -9999 -9999 -9999 -9999 -9999 -9999 -9999 -9999 -9999 -9999 -9999 -9999 0.822277850686791 0.822277850686791 -9999 0.74441901577672 0.743317812763486 0.707780952108049 0.66955123377472 0.626299803797993 0.59121321904053 0.560201311038202 0.548917075427482 0.540359370843191 0.537384153025608 0.534200303623701 0.530889217257258 0.534192043740241 0.536945560129531 0.536876440358007 0.535917840602321 0.534302477129575 0.53671457714749 0.541908170653754 0.555687651187098 0.562173287681519 0.562173480916154 -9999 -9999 -9999 -9999 -9999 -9999 -9999 -9999 -9999 -9999 -9999 -9999 -9999 -9999 -9999
